1.000000000000000000e+00,0.000000000000000000e+00,0.000000000000000000e+00,0.000000000000000000e+00,0.000000000000000000e+00,1.000000000000000000e+00,0.000000000000000000e+00,0.000000000000000000e+00,0.000000000000000000e+00,0.000000000000000000e+00,1.000000000000000000e+00,0.000000000000000000e+00,0.000000000000000000e+00,0.000000000000000000e+00,0.000000000000000000e+00,1.000000000000000000e+00
9.999889706374279763e-01,-4.667335704089094206e-03,-5.240046973612158716e-04,5.892596845763601321e-01,4.665998172969381200e-03,9.999859253968754746e-01,-2.525365162448574459e-03,1.014812876900039740e-02,5.357840491916253606e-04,2.522892304320091365e-03,9.999966739694055029e-01,8.538564969862827425e-03,0.000000000000000000e+00,0.000000000000000000e+00,0.000000000000000000e+00,1.000000000000000000e+00
9.999597383233179704e-01,-8.966659572552607843e-03,3.474888084840114188e-04,1.237360870178878303e+00,8.966957799838614837e-03,9.999594206883309910e-01,-8.663974098539163008e-04,1.467270573335783222e-02,-3.397060169986466341e-04,8.694784447231071077e-04,9.999995643034330639e-01,2.180911097502202800e-02,0.000000000000000000e+00,0.000000000000000000e+00,0.000000000000000000e+00,1.000000000000000000e+00
9.998737134453891118e-01,-1.586211696948819361e-02,9.748877757049601370e-04,1.906815730442783074e+00,1.586190856792691478e-02,9.998741675617978109e-01,2.211315968680638245e-04,4.370004286750330327e-03,-9.782727184543382054e-04,-2.056400901583404725e-04,9.999995003471962018e-01,1.473441845083324486e-02,0.000000000000000000e+00,0.000000000000000000e+00,0.000000000000000000e+00,1.000000000000000000e+00
9.997840097551143890e-01,-2.072756839753772326e-02,1.517150721635745613e-03,2.589196386299009944e+00,2.072814076212680170e-02,9.997850832872660076e-01,-3.625145774380832218e-04,3.091731817841553067e-03,-1.509310614890974978e-03,3.938839915411790609e-04,9.999987834176946588e-01,2.838471416380680332e-03,0.000000000000000000e+00,0.000000000000000000e+00,0.000000000000000000e+00,1.000000000000000000e+00
9.996480358211033979e-01,-2.649823692203273282e-02,1.283712987835054428e-03,3.281768840145490973e+00,2.649903779813732665e-02,9.996486521557534921e-01,-6.109328570107095888e-04,3.593848204035961485e-03,-1.267073314455620251e-03,6.447349895160094926e-04,9.999989894204942553e-01,1.070596744908087171e-02,0.000000000000000000e+00,0.000000000000000000e+00,0.000000000000000000e+00,1.000000000000000000e+00
9.994835694410624249e-01,-3.213036341405418883e-02,4.839051906732255498e-04,4.005887425021323445e+00,3.213137218608472234e-02,9.994811318933043420e-01,-2.245419941774918701e-03,2.640835776083941266e-02,-4.115079489567238314e-04,2.259808876083729302e-03,9.999973619590463159e-01,1.564867443477955741e-02,0.000000000000000000e+00,0.000000000000000000e+00,0.000000000000000000e+00,1.000000000000000000e+00
9.994271526507337855e-01,-3.377150808949720001e-02,2.202676963899159041e-03,4.727797281745050206e+00,3.377175830639734394e-02,9.994295685489862358e-01,-7.649103312852337223e-05,5.622321642250553697e-02,-2.198837270138450598e-03,1.508354894949754928e-04,9.999975711787079113e-01,2.097599622418811621e-02,0.000000000000000000e+00,0.000000000000000000e+00,0.000000000000000000e+00,1.000000000000000000e+00
9.993376680299949077e-01,-3.632199324648913152e-02,2.222175279436416125e-03,5.489358651598428729e+00,3.631757458649874371e-02,9.993383029632051384e-01,1.997500130409319338e-03,7.660294659639517445e-02,-2.293258058885359971e-03,-1.915473105757492609e-03,9.999955359551646605e-01,1.362449013764573634e-02,0.000000000000000000e+00,0.000000000000000000e+00,0.000000000000000000e+00,1.000000000000000000e+00
9.992287881861845467e-01,-3.916696824830548374e-02,2.788809460077088572e-03,6.261621522410311336e+00,3.916161021982847434e-02,9.992309859442112252e-01,1.950644495062712038e-03,1.074815730619092802e-01,-2.863065657405223716e-03,-1.839925865930491875e-03,9.999942087471556107e-01,1.661977329651697852e-02,0.000000000000000000e+00,0.000000000000000000e+00,0.000000000000000000e+00,1.000000000000000000e+00
9.991777374533862277e-01,-4.025308330880623953e-02,4.851624641815517960e-03,7.017455545773622738e+00,4.025011249352133252e-02,9.991893847115990157e-01,7.084658859144420942e-04,1.414104520700117940e-01,-4.876209777034442271e-03,-5.126049033413134816e-04,9.999879798349698978e-01,2.834151843518191438e-02,0.000000000000000000e+00,0.000000000000000000e+00,0.000000000000000000e+00,1.000000000000000000e+00
9.991353159611974233e-01,-4.112429501683473321e-02,6.116596969339385854e-03,7.798956100647689738e+00,4.113052992651952677e-02,9.991533790514279811e-01,-8.970162058746993872e-04,1.843504206811139023e-01,-6.074529371125903833e-03,1.147819444974982868e-03,9.999808911191460092e-01,2.928014529948199871e-02,0.000000000000000000e+00,0.000000000000000000e+00,0.000000000000000000e+00,1.000000000000000000e+00
9.990427079134602817e-01,-4.326918691323670962e-02,6.437796890712207953e-03,8.576228384595955490e+00,4.328383811167661049e-02,9.990604932839887153e-01,-2.154093190148158223e-03,2.231912741294931057e-01,-6.338542676424020923e-03,2.430683652197203250e-03,9.999769570613725733e-01,2.484330524828068029e-02,0.000000000000000000e+00,0.000000000000000000e+00,0.000000000000000000e+00,1.000000000000000000e+00
9.989528734425110468e-01,-4.534810407392262516e-02,6.058555756012730040e-03,9.237563217046867337e+00,4.538678052175576516e-02,9.989489462000135100e-01,-6.406484195581064849e-03,3.308233212945952961e-01,-5.761665975913796839e-03,6.674754136216923782e-03,9.999611246755558680e-01,3.646712423594740404e-02,0.000000000000000000e+00,0.000000000000000000e+00,0.000000000000000000e+00,1.000000000000000000e+00
9.988884324323377140e-01,-4.682565949194971572e-02,5.408989370333436991e-03,9.996618127350055616e+00,4.686507204162327495e-02,9.988737795248899820e-01,-7.405241399794901952e-03,3.492644878880506454e-01,-5.056142343512430755e-03,7.650502650137469031e-03,9.999579517328727185e-01,3.558574666575846368e-02,0.000000000000000000e+00,0.000000000000000000e+00,0.000000000000000000e+00,1.000000000000000000e+00
9.987602770160367571e-01,-4.962472111192109403e-02,3.911024087225418652e-03,1.083766835713516663e+01,4.965677425430547326e-02,9.987295246433268714e-01,-8.575626878865963768e-03,3.937289341759342975e-01,-3.480492135279618197e-03,8.759204317325084213e-03,9.999555802705555330e-01,5.345416662655910756e-02,0.000000000000000000e+00,0.000000000000000000e+00,0.000000000000000000e+00,1.000000000000000000e+00
9.986732333866300548e-01,-5.147014769361576980e-02,1.611463151155927446e-03,1.168754535533897077e+01,5.147967185619221203e-02,9.986524576154107713e-01,-6.565994537955290034e-03,4.331368169316188732e-01,-1.271338927634490384e-03,6.640240589848848962e-03,9.999771451899487351e-01,4.989411775076271760e-02,0.000000000000000000e+00,0.000000000000000000e+00,0.000000000000000000e+00,1.000000000000000000e+00
9.985304973196404976e-01,-5.419074458422472318e-02,-4.573007711535297072e-04,1.256166180692185108e+01,5.418909152555815428e-02,9.985259649339778276e-01,-3.072411479053575607e-03,4.938278697476169432e-01,6.231229595001903888e-04,3.043115848807400985e-03,9.999951755702165546e-01,6.084609206524122654e-02,0.000000000000000000e+00,0.000000000000000000e+00,0.000000000000000000e+00,1.000000000000000000e+00
9.986732065292596161e-01,-5.149285490576456514e-02,5.589760423460235885e-04,1.343572738502010466e+01,5.149157779139427321e-02,9.986712230126970624e-01,2.098986153059289369e-03,5.533636720744934401e-01,-6.663160772731658611e-04,-2.067418673568078603e-03,9.999976408986740450e-01,7.529784606247666434e-02,0.000000000000000000e+00,0.000000000000000000e+00,0.000000000000000000e+00,1.000000000000000000e+00
9.982598654946762684e-01,-5.896665403397414323e-02,-4.179169576766715273e-04,1.438206973925942123e+01,5.896813185445706762e-02,9.982370480953953740e-01,6.749461858541826176e-03,6.590327854751477643e-01,1.918700785205958999e-05,-6.762360669333755334e-03,9.999771347936093902e-01,8.472830080015593401e-02,0.000000000000000000e+00,0.000000000000000000e+00,0.000000000000000000e+00,1.000000000000000000e+00
9.978259159412881107e-01,-6.590432582035869735e-02,-2.476168176312351058e-04,1.530307389910591276e+01,6.590424650951830221e-02,9.977953568205158996e-01,7.813846647128065703e-03,7.458017306600639440e-01,-2.678953844394954651e-04,-7.813177687484252829e-03,9.999694407763103365e-01,1.008118757670238841e-01,0.000000000000000000e+00,0.000000000000000000e+00,0.000000000000000000e+00,1.000000000000000000e+00
9.978125572756549877e-01,-6.610357265473559840e-02,6.467034044535137490e-04,1.623849670947375756e+01,6.609829875123653109e-02,9.977937571934943906e-01,6.215545661986477191e-03,8.444515535036811738e-01,-1.056146393975419557e-03,-6.159203517019157768e-03,9.999804741927866836e-01,1.022889836811831099e-01,0.000000000000000000e+00,0.000000000000000000e+00,0.000000000000000000e+00,1.000000000000000000e+00
9.977363756130304129e-01,-6.724624469910291114e-02,-2.595234830443456271e-04,1.716800039580699178e+01,6.724673304988146305e-02,9.977311080813155986e-01,3.242354228181711182e-03,9.303060715710678164e-01,4.089850648151215334e-05,-3.252466862463882728e-03,9.999947098793178224e-01,1.114201876781057837e-01,0.000000000000000000e+00,0.000000000000000000e+00,0.000000000000000000e+00,1.000000000000000000e+00
9.977425172432425882e-01,-6.715209849114109342e-02,-6.818748787653255462e-04,1.809038192102948273e+01,6.715459208215134035e-02,9.977312234398471036e-01,4.760938510391854797e-03,1.002829056766886495e+00,3.606208452633588991e-04,-4.795981803133052626e-03,9.999884341886912109e-01,1.101927900617369199e-01,0.000000000000000000e+00,0.000000000000000000e+00,0.000000000000000000e+00,1.000000000000000000e+00
9.975399718508751734e-01,-7.009447390166907710e-02,8.770907589621947066e-04,1.899744860907926736e+01,7.008860497879210172e-02,9.975255042345183565e-01,5.518682251312192859e-03,1.061815365337323236e+00,-1.261749530629379355e-03,-5.443632069892282398e-03,9.999843873071270206e-01,1.261639136879138812e-01,0.000000000000000000e+00,0.000000000000000000e+00,0.000000000000000000e+00,1.000000000000000000e+00
9.976033160090636009e-01,-6.892392526634188998e-02,6.092324153845830696e-03,1.991453697066155115e+01,6.888515686613881639e-02,9.976043253743265282e-01,6.359650773072962962e-03,1.081755634947486833e+00,-6.516061022062400593e-03,-5.924737994860014047e-03,9.999612184622208577e-01,1.451606898565034887e-01,0.000000000000000000e+00,0.000000000000000000e+00,0.000000000000000000e+00,1.000000000000000000e+00
9.976268744400188515e-01,-6.815306380752390869e-02,9.786689362712104601e-03,2.081529350269441281e+01,6.806114569136960391e-02,9.976365184610710424e-01,9.437027076537622336e-03,1.128280326973310155e+00,-1.040672101157673508e-02,-8.748538535820140141e-03,9.999075773446637339e-01,1.466796221900396047e-01,0.000000000000000000e+00,0.000000000000000000e+00,0.000000000000000000e+00,1.000000000000000000e+00
9.978353595068647497e-01,-6.372568640206635604e-02,1.623675492169416798e-02,2.174934782728815108e+01,6.357277761911428460e-02,9.979294177918897057e-01,9.766219909613235023e-03,1.187449204936423586e+00,-1.682549445312956499e-02,-8.712863944638863170e-03,9.998204782551165515e-01,1.405753459723576571e-01,0.000000000000000000e+00,0.000000000000000000e+00,0.000000000000000000e+00,1.000000000000000000e+00
9.980151466318218922e-01,-6.016866096849628892e-02,1.858761229198628226e-02,2.266123360599120673e+01,5.997031044814411793e-02,9.981389890021509226e-01,1.105081438223085716e-02,1.248031129016701435e+00,-1.921793324507745093e-02,-9.914175256442786174e-03,9.997661627454553779e-01,1.251431879974274075e-01,0.000000000000000000e+00,0.000000000000000000e+00,0.000000000000000000e+00,1.000000000000000000e+00
9.977301134242912983e-01,-6.424349531107793887e-02,2.018400546382015728e-02,2.360770128373186338e+01,6.401355559382640448e-02,9.978787950831307096e-01,1.183955335599653873e-02,1.354733643859087122e+00,-2.090180534269948931e-02,-1.052062895690659625e-02,9.997261779606287924e-01,1.200619376645863934e-01,0.000000000000000000e+00,0.000000000000000000e+00,0.000000000000000000e+00,1.000000000000000000e+00
9.977724356116426385e-01,-6.308343006243670448e-02,2.169441368566901035e-02,2.458487828617809612e+01,6.277029604115381967e-02,9.979178920542337572e-01,1.482466367017172201e-02,1.444281469027979048e+00,-2.258443420839187019e-02,-1.342987600782154754e-02,9.996547312757043668e-01,9.986704431773484048e-02,0.000000000000000000e+00,0.000000000000000000e+00,0.000000000000000000e+00,1.000000000000000000e+00
9.981081368050170877e-01,-5.882114715695505730e-02,1.789468889794161924e-02,2.552959293845128741e+01,5.852291366977553644e-02,9.981454153336527524e-01,1.675704102767679171e-02,1.512138059641428001e+00,-1.884717005850664387e-02,-1.567808966497755141e-02,9.996994456761703063e-01,9.440924159217274625e-02,0.000000000000000000e+00,0.000000000000000000e+00,0.000000000000000000e+00,1.000000000000000000e+00
9.986304339539049391e-01,-5.024201727393798333e-02,1.459438526547335996e-02,2.645313825606286073e+01,4.998908317781101257e-02,9.986015165937534022e-01,1.720763259983874166e-02,1.578118195135711499e+00,-1.543852143417997688e-02,-1.645450567153099869e-02,9.997454182435805414e-01,9.338404909582355418e-02,0.000000000000000000e+00,0.000000000000000000e+00,0.000000000000000000e+00,1.000000000000000000e+00
9.987970692856547039e-01,-4.630357995701461782e-02,1.613669326558387837e-02,2.735915433201580527e+01,4.605796269732250620e-02,9.988219871096548630e-01,1.527423119134649517e-02,1.626902684041512170e+00,-1.682493561815999461e-02,-1.451263413302345331e-02,9.997531220216145931e-01,9.800208854136147063e-02,0.000000000000000000e+00,0.000000000000000000e+00,0.000000000000000000e+00,1.000000000000000000e+00
9.987260070423649161e-01,-4.463293731662620195e-02,2.354280704802748023e-02,2.829583517513240309e+01,4.433029251729527637e-02,9.989293984094486101e-01,1.322430182138101609e-02,1.658429262764916645e+00,-2.410784151560576780e-02,-1.216379463087303471e-02,9.996353605578566226e-01,8.491259508052463600e-02,0.000000000000000000e+00,0.000000000000000000e+00,0.000000000000000000e+00,1.000000000000000000e+00
9.986569368892328491e-01,-4.497739897023934202e-02,2.571684243610817405e-02,2.927886578675076024e+01,4.478083920093862275e-02,9.989634345912298263e-01,8.169014025480427280e-03,1.683397239957721725e+00,-2.605760624983374102e-02,-7.006420738203637290e-03,9.996358893241915622e-01,6.934652308177356728e-02,0.000000000000000000e+00,0.000000000000000000e+00,0.000000000000000000e+00,1.000000000000000000e+00
9.986655871371276083e-01,-4.374298405878115220e-02,2.745171057851478538e-02,3.024049047209654617e+01,4.368846291180224911e-02,9.990418641377795117e-01,2.583003776665125824e-03,1.704709334723780501e+00,-2.753839640315676462e-02,-1.380233943725112621e-03,9.996197935604329565e-01,5.697929112972328902e-02,0.000000000000000000e+00,0.000000000000000000e+00,0.000000000000000000e+00,1.000000000000000000e+00
9.987692923808134671e-01,-4.198608410326139240e-02,2.640207072938706087e-02,3.119044077490025302e+01,4.202666894582689217e-02,9.991160047653858678e-01,-9.839303673794541627e-04,1.721361235416997593e+00,-2.633742004152188690e-02,2.092310522808449313e-03,9.996509203428123325e-01,3.752604772415990553e-02,0.000000000000000000e+00,0.000000000000000000e+00,0.000000000000000000e+00,1.000000000000000000e+00
9.986923534466486396e-01,-4.616782224051827616e-02,2.195712542112985069e-02,3.215450484910219586e+01,4.617557912943539428e-02,9.989333272130057617e-01,1.538675166634186412e-04,1.768738664291911622e+00,-2.194080808112049488e-02,8.602166700033401538e-04,9.997589014197509893e-01,1.528776451456262397e-02,0.000000000000000000e+00,0.000000000000000000e+00,0.000000000000000000e+00,1.000000000000000000e+00
9.988359802751874961e-01,-4.362968024525868543e-02,2.057025788365867899e-02,3.308664934550113657e+01,4.365142659269371367e-02,9.990466365013547234e-01,-6.091401740960718540e-04,1.819993414923864794e+00,-2.052407035961439918e-02,1.506352224920150511e-03,9.997882242949490683e-01,2.162996350656792161e-03,0.000000000000000000e+00,0.000000000000000000e+00,0.000000000000000000e+00,1.000000000000000000e+00
9.989242475229099805e-01,-4.028507080755742986e-02,2.296651433755338145e-02,3.403594431532412301e+01,4.034565351624684604e-02,9.991834035172920681e-01,-2.180453610449105059e-03,1.862401977637853978e+00,-2.285992023463580963e-02,3.104707012015933340e-03,9.997338570045705142e-01,6.648102320352586823e-04,0.000000000000000000e+00,0.000000000000000000e+00,0.000000000000000000e+00,1.000000000000000000e+00
9.988493553729126395e-01,-4.122207236026565608e-02,2.450930479311748747e-02,3.497882962283950548e+01,4.127407661042861026e-02,9.991465496796703150e-01,-1.619525599312538530e-03,1.921473381689678517e+00,-2.442162711764665414e-02,2.629261024583320113e-03,9.996982900432462849e-01,-1.492803681350682136e-02,0.000000000000000000e+00,0.000000000000000000e+00,0.000000000000000000e+00,1.000000000000000000e+00
9.988182270042981203e-01,-4.215717647622188591e-02,2.418515816659221052e-02,3.592545748830792007e+01,4.216358219264852020e-02,9.991106906601703308e-01,2.452452693731265614e-04,1.949927572496793715e+00,-2.417398892765039789e-02,7.747774590634476681e-04,9.997074662015953406e-01,-2.110193628162415624e-02,0.000000000000000000e+00,0.000000000000000000e+00,0.000000000000000000e+00,1.000000000000000000e+00
9.987228816482959237e-01,-4.271443080667187281e-02,2.698301452740129933e-02,3.689426438804606789e+01,4.268342799793471698e-02,9.990871594780014187e-01,1.724163717332490194e-03,1.987612689699993940e+00,-2.703203001013846501e-02,-5.702341984595977976e-04,9.996344052634887900e-01,-3.723262776128546253e-02,0.000000000000000000e+00,0.000000000000000000e+00,0.000000000000000000e+00,1.000000000000000000e+00
9.988059781287330630e-01,-4.085951324372989746e-02,2.677906331055577085e-02,3.786485777700980293e+01,4.085483742624467646e-02,9.991648317793151435e-01,7.219378706816378683e-04,2.021911945082129680e+00,-2.678619631788742295e-02,3.729784169060512862e-04,9.996411158880568193e-01,-2.917930214956300505e-02,0.000000000000000000e+00,0.000000000000000000e+00,0.000000000000000000e+00,1.000000000000000000e+00
9.988199454228584573e-01,-4.040843982644498622e-02,2.694206035682539940e-02,3.884310567962032223e+01,4.043297582869297829e-02,9.991821857266383056e-01,-3.663225001211592013e-04,2.049025525824357263e+00,-2.690522423460868506e-02,1.455237894761157377e-03,9.996369296857503528e-01,-5.045919465241918006e-02,0.000000000000000000e+00,0.000000000000000000e+00,0.000000000000000000e+00,1.000000000000000000e+00
9.987940149879431795e-01,-3.975260040873972167e-02,2.881399633871626481e-02,3.983064939172377450e+01,3.973094945869402872e-02,9.992095372363846151e-01,1.323763936776241367e-03,2.096462300581359628e+00,-2.884384300635382120e-02,-1.773600650722214787e-04,9.995839140682641899e-01,-4.983597828795410800e-02,0.000000000000000000e+00,0.000000000000000000e+00,0.000000000000000000e+00,1.000000000000000000e+00
9.988162416621837458e-01,-4.021075663411711326e-02,2.737170880200288578e-02,4.083231382813816168e+01,4.017048448568105723e-02,9.991907988647027450e-01,2.019811947453069387e-03,2.131480401452516382e+00,-2.743077775083107434e-02,-9.178861744417542547e-04,9.996232840010050857e-01,-5.131661144783657841e-02,0.000000000000000000e+00,0.000000000000000000e+00,0.000000000000000000e+00,1.000000000000000000e+00
9.989294969684952008e-01,-3.820117118845901133e-02,2.608698154441617054e-02,4.184193461720646923e+01,3.810519890284437550e-02,9.992650475186183323e-01,4.166368225254949396e-03,2.165384135632792972e+00,-2.622696899840554555e-02,-3.167858494914362923e-03,9.996509944824302218e-01,-5.640783289982064658e-02,0.000000000000000000e+00,0.000000000000000000e+00,0.000000000000000000e+00,1.000000000000000000e+00
9.989958970381611625e-01,-3.644785840566713148e-02,2.605285624571089531e-02,4.286399647433486138e+01,3.626970597152561621e-02,9.993155322839823995e-01,7.278417734602550364e-03,2.213812911364206215e+00,-2.630030664570884302e-02,-6.326180018046924022e-03,9.996340697058698765e-01,-6.160092977533940251e-02,0.000000000000000000e+00,0.000000000000000000e+00,0.000000000000000000e+00,1.000000000000000000e+00
9.989799350325601068e-01,-3.745913937294236690e-02,2.521710292203541148e-02,4.386136986158678042e+01,3.729368153624472437e-02,9.992798304586119063e-01,7.000125433215892250e-03,2.238419458641568216e+00,-2.546116100681991914e-02,-6.052546244852316168e-03,9.996574893252876404e-01,-5.683548869743131060e-02,0.000000000000000000e+00,0.000000000000000000e+00,0.000000000000000000e+00,1.000000000000000000e+00
9.988921305407286733e-01,-3.768896408909438306e-02,2.817895544010379227e-02,4.486404161324857398e+01,3.751962373632929115e-02,9.992746569713139015e-01,6.514427798986929287e-03,2.270880915602006223e+00,-2.840403806659674846e-02,-5.449946857987977324e-03,9.995816668490651313e-01,-5.620569508354374827e-02,0.000000000000000000e+00,0.000000000000000000e+00,0.000000000000000000e+00,1.000000000000000000e+00
9.987430867622794084e-01,-4.188877901944487031e-02,2.752411373349233914e-02,4.581564171198029811e+01,4.168391138902011184e-02,9.990990152970913307e-01,7.975535323498043200e-03,2.297209893534299052e+00,-2.783340036478518936e-02,-6.818198049643463959e-03,9.995893226718104430e-01,-6.400846008822190514e-02,0.000000000000000000e+00,0.000000000000000000e+00,0.000000000000000000e+00,1.000000000000000000e+00
9.990024395288161774e-01,-3.912974181543263374e-02,2.151718199326570560e-02,4.676468629782910824e+01,3.886691902261339010e-02,9.991662063785342607e-01,1.250018547139005766e-02,2.353777536450450736e+00,-2.198837013430838747e-02,-1.165140921035385038e-02,9.996903301734234581e-01,-8.719680341944514856e-02,0.000000000000000000e+00,0.000000000000000000e+00,0.000000000000000000e+00,1.000000000000000000e+00
9.992067817372827232e-01,-3.545149120018020739e-02,1.813833239043391790e-02,4.772424283101714337e+01,3.523494263976828522e-02,9.993055335997159672e-01,1.212226604894069311e-02,2.425197526119950542e+00,-1.855548833619191304e-02,-1.147354734476693783e-02,9.997619974593611181e-01,-9.724161909793500869e-02,0.000000000000000000e+00,0.000000000000000000e+00,0.000000000000000000e+00,1.000000000000000000e+00
9.992553537687514087e-01,-3.200362862661965818e-02,2.155239474435645744e-02,4.869242844598483799e+01,3.171216935023155742e-02,9.994027064964455809e-01,1.373202689636191486e-02,2.460141619632833176e+00,-2.197899632807160872e-02,-1.303832820224983674e-02,9.996734095283817956e-01,-1.001686890859400519e-01,0.000000000000000000e+00,0.000000000000000000e+00,0.000000000000000000e+00,1.000000000000000000e+00
9.993958784288312636e-01,-2.700081145595293122e-02,2.188228416285998082e-02,4.967120063407426755e+01,2.677423369023643890e-02,9.995854938118895472e-01,1.058210617704555961e-02,2.488250489629000306e+00,-2.215893927435784103e-02,-9.989831908582930478e-03,9.997045486885973720e-01,-9.969415858427914390e-02,0.000000000000000000e+00,0.000000000000000000e+00,0.000000000000000000e+00,1.000000000000000000e+00
9.995220245113787261e-01,-2.338134478997035831e-02,2.022461946455564319e-02,5.065574519227203609e+01,2.321050388320034311e-02,9.996932549518507960e-01,8.641094448156376798e-03,2.509457445149724020e+00,-2.042045607133930948e-02,-8.167540608196827145e-03,9.997581188738856595e-01,-1.036187189513330803e-01,0.000000000000000000e+00,0.000000000000000000e+00,0.000000000000000000e+00,1.000000000000000000e+00
9.995906955154030271e-01,-1.946748716992099254e-02,2.096326268307135629e-02,5.163670667493254740e+01,1.931557257827988192e-02,9.997858662057960144e-01,7.424984248957855124e-03,2.524375268451224841e+00,-2.110331952569768563e-02,-7.017027747773855323e-03,9.997526750284700947e-01,-1.051767910154164098e-01,0.000000000000000000e+00,0.000000000000000000e+00,0.000000000000000000e+00,1.000000000000000000e+00
9.996386560929577669e-01,-1.943490540767949318e-02,1.856991374393985803e-02,5.259517715532727777e+01,1.930705895851777404e-02,9.997888207580829523e-01,7.039272798515592254e-03,2.560616821891693373e+00,-1.870279976461104027e-02,-6.678198780670589578e-03,9.998027840239340769e-01,-9.846687714168432526e-02,0.000000000000000000e+00,0.000000000000000000e+00,0.000000000000000000e+00,1.000000000000000000e+00
9.995540392448937217e-01,-2.188789329960282720e-02,2.031361012029649082e-02,5.354784559230670737e+01,2.179988907125864420e-02,9.997520291550443527e-01,4.543680980051256757e-03,2.579928866919275254e+00,-2.040802454170975722e-02,-4.098820229390721243e-03,9.997833326311412749e-01,-1.067596317747243201e-01,0.000000000000000000e+00,0.000000000000000000e+00,0.000000000000000000e+00,1.000000000000000000e+00
9.995088969134127144e-01,-2.448592089754392243e-02,1.955516987215922750e-02,5.448626609716200164e+01,2.449732784623132736e-02,9.996998362639055724e-01,-3.439510324565065043e-04,2.597965248479460421e+00,-1.954087816153715629e-02,8.228315244902567778e-04,9.998087202205016011e-01,-1.068763033140861934e-01,0.000000000000000000e+00,0.000000000000000000e+00,0.000000000000000000e+00,1.000000000000000000e+00
9.993386920810988228e-01,-2.588556489820369871e-02,2.553656279800260373e-02,5.545180402052687896e+01,2.596366113249784155e-02,9.996591559361833745e-01,-2.731346472486326053e-03,2.630542857999329076e+00,-2.545715636578967447e-02,3.392562874411308559e-03,9.996701574554028857e-01,-9.986999569609847360e-02,0.000000000000000000e+00,0.000000000000000000e+00,0.000000000000000000e+00,1.000000000000000000e+00
9.992559271428056444e-01,-2.966206254511005377e-02,2.465266954182072576e-02,5.642716400453684855e+01,2.973789125993584609e-02,9.995540441328902848e-01,-2.714899813106952213e-03,2.672465497642258825e+00,-2.456114601113861678e-02,3.445998135948221026e-03,9.996923902898660064e-01,-1.149174366633877037e-01,0.000000000000000000e+00,0.000000000000000000e+00,0.000000000000000000e+00,1.000000000000000000e+00
9.991795947444218617e-01,-3.471174868081745857e-02,2.086221344655199081e-02,5.737951488623786389e+01,3.478494851505715274e-02,9.993898372476291980e-01,-3.156035956889192626e-03,2.730003750850880540e+00,-2.073993257401179208e-02,3.879137749052230348e-03,9.997773789635112651e-01,-1.124075290543246619e-01,0.000000000000000000e+00,0.000000000000000000e+00,0.000000000000000000e+00,1.000000000000000000e+00
9.991723887714825114e-01,-3.897133573759602176e-02,1.165214604758585577e-02,5.830109604523945421e+01,3.899079886917568988e-02,9.992385208399916507e-01,-1.447782113242660146e-03,2.774882792546335519e+00,-1.158685117839122064e-02,1.900910395445425984e-03,9.999310633335867227e-01,-1.236423176704698340e-01,0.000000000000000000e+00,0.000000000000000000e+00,0.000000000000000000e+00,1.000000000000000000e+00
9.992102927250949840e-01,-3.854651926806341999e-02,9.641408846419901799e-03,5.919627399340268425e+01,3.853832774213855616e-02,9.992565877009108588e-01,1.034036348143649439e-03,2.805581250587940279e+00,-9.674099806520562381e-03,-6.616559880972675608e-04,9.999529858969802287e-01,-1.067832984869034885e-01,0.000000000000000000e+00,0.000000000000000000e+00,0.000000000000000000e+00,1.000000000000000000e+00
9.991455116876082343e-01,-3.976259222427391132e-02,1.127753227044179032e-02,6.008504275967908370e+01,3.971357479237305060e-02,9.992008012900723823e-01,4.537695283680731259e-03,2.854459767513555235e+00,-1.144894980840312736e-02,-4.085946754799643817e-03,9.999261105638763691e-01,-1.039246703056845161e-01,0.000000000000000000e+00,0.000000000000000000e+00,0.000000000000000000e+00,1.000000000000000000e+00
9.989789576559299222e-01,-4.233678826136515194e-02,1.576827575806330137e-02,6.098564137872916291e+01,4.223660631207879629e-02,9.990856163529635570e-01,6.633270977202080677e-03,2.898300617214957242e+00,-1.603468889341027812e-02,-5.960499671240655252e-03,9.998536698916299370e-01,-9.636200887322773911e-02,0.000000000000000000e+00,0.000000000000000000e+00,0.000000000000000000e+00,1.000000000000000000e+00
9.989780638928379419e-01,-3.935152558486981755e-02,2.223252786030248049e-02,6.185935111601287417e+01,3.916317773212919795e-02,9.991936832098783361e-01,8.844712736931010372e-03,2.938507272915821478e+00,-2.256265433936009354e-02,-7.964977565599731801e-03,9.997137018974691092e-01,-8.620799771024023617e-02,0.000000000000000000e+00,0.000000000000000000e+00,0.000000000000000000e+00,1.000000000000000000e+00
9.989512274299309214e-01,-3.742577163687353659e-02,2.637720291497616665e-02,6.270843968122461831e+01,3.715029197137002109e-02,9.992507011079869716e-01,1.085781477270215956e-02,2.970348950072884353e+00,-2.676380060221625334e-02,-9.866506604717819803e-03,9.995930927256068133e-01,-8.633464279420266507e-02,0.000000000000000000e+00,0.000000000000000000e+00,0.000000000000000000e+00,1.000000000000000000e+00
9.988846275954305076e-01,-3.924865518464483449e-02,2.624964418298219790e-02,6.353358039730048290e+01,3.898179282017349978e-02,9.991836742402393501e-01,1.060212055676973061e-02,2.998471696263202535e+00,-2.664433489620982726e-02,-9.567037052926169113e-03,9.995991952877744113e-01,-9.769303083530006537e-02,0.000000000000000000e+00,0.000000000000000000e+00,0.000000000000000000e+00,1.000000000000000000e+00
9.988898060630696518e-01,-3.980679500419077171e-02,2.519076050411063125e-02,6.434363671624618064e+01,3.954753308690597130e-02,9.991603133774952239e-01,1.070797824640800679e-02,3.033006018179009278e+00,-2.559585845446876382e-02,-9.699857879360984300e-03,9.996253121980748224e-01,-1.097408602536159711e-01,0.000000000000000000e+00,0.000000000000000000e+00,0.000000000000000000e+00,1.000000000000000000e+00
9.988888787030197891e-01,-3.855444316741628991e-02,2.710282117183042752e-02,6.513692947178414272e+01,3.825863624390359041e-02,9.992034148805836180e-01,1.134955698419054700e-02,3.043569621346320808e+00,-2.751880731751312620e-02,-1.030002927331697196e-02,9.995682191030232921e-01,-1.198083654166133410e-01,0.000000000000000000e+00,0.000000000000000000e+00,0.000000000000000000e+00,1.000000000000000000e+00
9.987706296753642299e-01,-4.051827076317087578e-02,2.855694367815787491e-02,6.593650433570189762e+01,4.017691365103050194e-02,9.991152902444495609e-01,1.242788836563993651e-02,3.072893847282991864e+00,-2.903523561731060146e-02,-1.126528002819020442e-02,9.995149066214735756e-01,-1.219543903279006053e-01,0.000000000000000000e+00,0.000000000000000000e+00,0.000000000000000000e+00,1.000000000000000000e+00
9.989472950589081135e-01,-3.527587894445761291e-02,2.932429128189765685e-02,6.672484079129503698e+01,3.482901864494641897e-02,9.992713317977565124e-01,1.561233190046611152e-02,3.120204686583665232e+00,-2.985366233344878203e-02,-1.457456043372502667e-02,9.994480181747540382e-01,-1.348049508434982224e-01,0.000000000000000000e+00,0.000000000000000000e+00,0.000000000000000000e+00,1.000000000000000000e+00
9.989491787390867295e-01,-3.166018329358810668e-02,3.313866458261114506e-02,6.751213651820945927e+01,3.104515766199191992e-02,9.993390463905191812e-01,1.891212693041946502e-02,3.150872780016892527e+00,-3.371552286773060042e-02,-1.786345859867641273e-02,9.992718150556675338e-01,-1.343406060314240869e-01,0.000000000000000000e+00,0.000000000000000000e+00,0.000000000000000000e+00,1.000000000000000000e+00
9.990737357360355286e-01,-2.729168711492501939e-02,3.326912047021846758e-02,6.828896380148783862e+01,2.662145433671566155e-02,9.994368992938583718e-01,2.042504587213640754e-02,3.171926698321142268e+00,-3.380782056623934245e-02,-1.952045451063409709e-02,9.992377010122559522e-01,-1.442641038218741012e-01,0.000000000000000000e+00,0.000000000000000000e+00,0.000000000000000000e+00,1.000000000000000000e+00
9.991331691494641509e-01,-2.767638755953678170e-02,3.109546392966351658e-02,6.904427999733529475e+01,2.696068569831945247e-02,9.993671344832601999e-01,2.320456725295533262e-02,3.205864115724183616e+00,-3.171800327925956148e-02,-2.234609778853557938e-02,9.992470266063349094e-01,-1.462047322533502614e-01,0.000000000000000000e+00,0.000000000000000000e+00,0.000000000000000000e+00,1.000000000000000000e+00
9.993156844776481806e-01,-2.769385398915205979e-02,2.451964943050298149e-02,6.977887077707694630e+01,2.714693105756122923e-02,9.993812500210258465e-01,2.236428493312585947e-02,3.214927389237320465e+00,-2.512383113944323051e-02,-2.168334747315388278e-02,9.994491610638506218e-01,-1.575060371356586941e-01,0.000000000000000000e+00,0.000000000000000000e+00,0.000000000000000000e+00,1.000000000000000000e+00
9.993981516150044486e-01,-2.830053641252398139e-02,2.006026388842518590e-02,7.050589347009118057e+01,2.788888879786412603e-02,9.994005624274759914e-01,2.051159918844353697e-02,3.229764984619432511e+00,-2.062872827224740066e-02,-1.993979584675770883e-02,9.995883453259442053e-01,-1.505997001789294298e-01,0.000000000000000000e+00,0.000000000000000000e+00,0.000000000000000000e+00,1.000000000000000000e+00
9.994932921940601345e-01,-2.584080014869582706e-02,1.858526047035219050e-02,7.120567227430339585e+01,2.542939604409378412e-02,9.994335916244647677e-01,2.204181819762556643e-02,3.266341941911695024e+00,-1.914431184211905224e-02,-2.155803748720407087e-02,9.995842867631481443e-01,-1.553700412591158264e-01,0.000000000000000000e+00,0.000000000000000000e+00,0.000000000000000000e+00,1.000000000000000000e+00
9.994986315358352913e-01,-2.350629425763766864e-02,2.121178182666951309e-02,7.188950190989990574e+01,2.298677883984841588e-02,9.994376729963402317e-01,2.441200102878840483e-02,3.278757072017543184e+00,-2.177368954855314620e-02,-2.391217108367621122e-02,9.994769204526472439e-01,-1.519734730483682517e-01,0.000000000000000000e+00,0.000000000000000000e+00,0.000000000000000000e+00,1.000000000000000000e+00
9.995587852419806074e-01,-2.009383799924942607e-02,2.187401472142070508e-02,7.255711146765224839e+01,1.953413602957949219e-02,9.994837637601863278e-01,2.550732266137909279e-02,3.297699569828357102e+00,-2.237526257166368160e-02,-2.506877847510165583e-02,9.994352925380483033e-01,-1.454551274209131828e-01,0.000000000000000000e+00,0.000000000000000000e+00,0.000000000000000000e+00,1.000000000000000000e+00
9.996719980057935384e-01,-1.836231185106974861e-02,1.785278428103435205e-02,7.322746935282611958e+01,1.796703099983895657e-02,9.995952998826586056e-01,2.205498242008373244e-02,3.319217534091590149e+00,-1.825053972220843854e-02,-2.172698681325658729e-02,9.995973468571550669e-01,-1.370811146554757609e-01,0.000000000000000000e+00,0.000000000000000000e+00,0.000000000000000000e+00,1.000000000000000000e+00
9.996830001233216745e-01,-2.091677257699044168e-02,1.401384634543254015e-02,7.387736617513546378e+01,2.066315533238178431e-02,9.996243678190780413e-01,1.800436819274346331e-02,3.318519300083644818e+00,-1.438517556864676167e-02,-1.770909052640646728e-02,9.997396935385660655e-01,-1.315817596835520409e-01,0.000000000000000000e+00,0.000000000000000000e+00,0.000000000000000000e+00,1.000000000000000000e+00
9.997636461861977297e-01,-1.935390376849135952e-02,9.903442502211933646e-03,7.451085304894623107e+01,1.921408309612991985e-02,9.997170337282761388e-01,1.402396107778605336e-02,3.317968722563279016e+00,-1.017205855516243977e-02,-1.383036089392505365e-02,9.998526143098758201e-01,-1.098191443576127246e-01,0.000000000000000000e+00,0.000000000000000000e+00,0.000000000000000000e+00,1.000000000000000000e+00
9.997774610509737592e-01,-1.802135766692442714e-02,1.096626838555403438e-02,7.512545933862780601e+01,1.787483768824960767e-02,9.997515637820858503e-01,1.331543814117612003e-02,3.309883137223720961e+00,-1.120350624054568603e-02,-1.311645467012841765e-02,9.998512089630156030e-01,-1.038872229638461431e-01,0.000000000000000000e+00,0.000000000000000000e+00,0.000000000000000000e+00,1.000000000000000000e+00
9.998642942948321455e-01,-1.085983454597077603e-02,1.238777574573826472e-02,7.573106904118058935e+01,1.063664442243091382e-02,9.997824359413398643e-01,1.794275838969271869e-02,3.334824326319695942e+00,-1.257993599837969878e-02,-1.780855908922018491e-02,9.997622719594102536e-01,-1.051264864588263848e-01,0.000000000000000000e+00,0.000000000000000000e+00,0.000000000000000000e+00,1.000000000000000000e+00
9.998957055326271881e-01,-2.275160445828772800e-03,1.426189687072677501e-02,7.633898788417434389e+01,1.994028210761457018e-03,9.998040375177225103e-01,1.969544147141837759e-02,3.313635537691996369e+00,-1.430391236341298049e-02,-1.966494872114080139e-02,9.997043002222677499e-01,-9.655570018961581735e-02,0.000000000000000000e+00,0.000000000000000000e+00,0.000000000000000000e+00,1.000000000000000000e+00
9.998248508938636370e-01,5.089499157455105310e-03,1.801012308082674054e-02,7.691982310728560890e+01,-5.392303749268705440e-03,9.998442522055044357e-01,1.680459436853189506e-02,3.272332139493275616e+00,-1.792179107499837845e-02,-1.689876711306219012e-02,9.996965745038451923e-01,-8.941687268455421334e-02,0.000000000000000000e+00,0.000000000000000000e+00,0.000000000000000000e+00,1.000000000000000000e+00
9.996682141667886379e-01,1.192842421839677286e-02,2.282924177995147852e-02,7.750340609050596186e+01,-1.219569816185576798e-02,9.998582922570703468e-01,1.160432467310371259e-02,3.240546947605659422e+00,-2.268758539215737224e-02,-1.187889306458487539e-02,9.996720289017960726e-01,-8.007651931895976016e-02,0.000000000000000000e+00,0.000000000000000000e+00,0.000000000000000000e+00,1.000000000000000000e+00
9.994412197986436430e-01,2.415017677148085379e-02,2.310881064232619270e-02,7.801340855681948483e+01,-2.452260293929652696e-02,9.995716954288327294e-01,1.597083725447589336e-02,3.252975413312125141e+00,-2.271321449020982652e-02,-1.652860125459955018e-02,9.996053797514735662e-01,-8.266305360490351639e-02,0.000000000000000000e+00,0.000000000000000000e+00,0.000000000000000000e+00,1.000000000000000000e+00
9.989854187144876496e-01,3.866817375450731092e-02,2.308474678935493185e-02,7.852051100181432730e+01,-3.917445559630480800e-02,9.989924240566913083e-01,2.189745889519762248e-02,3.248601407909862182e+00,-2.221475240849106123e-02,-2.277957453125318069e-02,9.994936696946129517e-01,-8.882352998024908852e-02,0.000000000000000000e+00,0.000000000000000000e+00,0.000000000000000000e+00,1.000000000000000000e+00
9.981539219241728489e-01,5.579084623017695893e-02,2.400270035454426729e-02,7.906251448015949279e+01,-5.644484905603133068e-02,9.980271548038308627e-01,2.749140391485292712e-02,3.228969495014363922e+00,-2.242157805398961937e-02,-2.879548143526078352e-02,9.993338246484403387e-01,-8.407779665968524718e-02,0.000000000000000000e+00,0.000000000000000000e+00,0.000000000000000000e+00,1.000000000000000000e+00
9.967507034288737300e-01,7.694767484907454047e-02,2.381366308158133771e-02,7.958535909512445983e+01,-7.756760682135453722e-02,9.966399917062556124e-01,2.630576559918401322e-02,3.179079341225345967e+00,-2.170948147814097395e-02,-2.806745922010938504e-02,9.993702597870706139e-01,-8.682740270372192593e-02,0.000000000000000000e+00,0.000000000000000000e+00,0.000000000000000000e+00,1.000000000000000000e+00
9.943780071816511468e-01,1.029004775360293639e-01,2.497740091164306342e-02,8.008675018085637021e+01,-1.034929358715700742e-01,9.943474986420383077e-01,2.371211017604575241e-02,3.139076913049263506e+00,-2.239622865856978270e-02,-2.616378541371464084e-02,9.994067566685235215e-01,-1.002324076260215635e-01,0.000000000000000000e+00,0.000000000000000000e+00,0.000000000000000000e+00,1.000000000000000000e+00
9.909878210886058358e-01,1.307507873091338924e-01,2.910962164118288328e-02,8.058018078683016938e+01,-1.314531734698743404e-01,9.910395325002233635e-01,2.367927799645347386e-02,3.079367475730245385e+00,-2.575270158158833589e-02,-2.729242824989697516e-02,9.992957128505420838e-01,-9.648795765617486364e-02,0.000000000000000000e+00,0.000000000000000000e+00,0.000000000000000000e+00,1.000000000000000000e+00
9.856517948443942467e-01,1.659625251186546135e-01,3.077303326385307305e-02,8.101766022426224367e+01,-1.666646522912826611e-01,9.857716792909905212e-01,2.184238962299215117e-02,3.014958901407229774e+00,-2.671016654092891671e-02,-2.665776742446025055e-02,9.992877115422257317e-01,-9.340908944653630863e-02,0.000000000000000000e+00,0.000000000000000000e+00,0.000000000000000000e+00,1.000000000000000000e+00
