1.000000000000000000e+00,0.000000000000000000e+00,0.000000000000000000e+00,0.000000000000000000e+00,0.000000000000000000e+00,1.000000000000000000e+00,0.000000000000000000e+00,0.000000000000000000e+00,0.000000000000000000e+00,0.000000000000000000e+00,1.000000000000000000e+00,0.000000000000000000e+00,0.000000000000000000e+00,0.000000000000000000e+00,0.000000000000000000e+00,1.000000000000000000e+00
9.999960913003602681e-01,2.383979569240532795e-03,-1.460830385040059499e-03,6.236476142486915286e-01,-2.385048838027037810e-03,9.999968888376812304e-01,-7.306551844126242534e-04,2.551670573934483599e-02,1.459083973127806542e-03,7.341364803137139655e-04,9.999986660579039954e-01,9.400852444691798482e-03,0.000000000000000000e+00,0.000000000000000000e+00,0.000000000000000000e+00,1.000000000000000000e+00
9.999932110168453514e-01,-1.931409058456123005e-03,-3.138085286766146512e-03,1.274359501669459327e+00,1.934020551170925794e-03,9.999977858510987749e-01,8.293716936534850995e-04,1.661800598948556112e-02,3.136476482576106700e-03,-8.354351844985647953e-04,9.999947322677887884e-01,1.506658247280277807e-02,0.000000000000000000e+00,0.000000000000000000e+00,0.000000000000000000e+00,1.000000000000000000e+00
9.999614916492154393e-01,-7.509131642847080741e-03,-4.541823493227663093e-03,1.944287343261135170e+00,7.510171835150118713e-03,9.999717757863642031e-01,2.120133705578709999e-04,2.244877948088547584e-02,4.540103267521532898e-03,-2.461150811512640780e-04,9.999896633914209243e-01,2.239850421477919407e-02,0.000000000000000000e+00,0.000000000000000000e+00,0.000000000000000000e+00,1.000000000000000000e+00
9.999025153025780099e-01,-1.293296493483295402e-02,-5.262918350893551304e-03,2.618860521622209170e+00,1.294427447559079285e-02,9.999139708112578795e-01,2.120550579458036801e-03,2.476211238394208924e-02,5.235040580010743259e-03,-2.188468517902594779e-03,9.999839023482687272e-01,2.764879974494219989e-02,0.000000000000000000e+00,0.000000000000000000e+00,0.000000000000000000e+00,1.000000000000000000e+00
9.998326484563728744e-01,-1.764271712322463409e-02,-4.838348191379755921e-03,3.283803873532685547e+00,1.766458303669584881e-02,9.998337774442039860e-01,4.514419983837739125e-03,9.132087472652688359e-03,4.757897314027276919e-03,-4.599131892071454258e-03,9.999781049597981086e-01,5.004718803658043946e-02,0.000000000000000000e+00,0.000000000000000000e+00,0.000000000000000000e+00,1.000000000000000000e+00
9.997522293183459530e-01,-2.131889838914103469e-02,-6.401917249306528571e-03,3.956791104823246918e+00,2.134794351423158904e-02,9.997619640165404942e-01,4.503400215237189468e-03,-1.225595086264656339e-03,6.304385831043800639e-03,-4.638952172516617317e-03,9.999693669518260331e-01,6.041662354154785086e-02,0.000000000000000000e+00,0.000000000000000000e+00,0.000000000000000000e+00,1.000000000000000000e+00
9.996648420493247089e-01,-2.503230914405341762e-02,-6.602050394496079833e-03,4.655785190062786683e+00,2.508266025925354886e-02,9.996560533887922650e-01,7.657354468714374501e-03,2.207600011263113199e-02,6.408098377349427839e-03,-7.820385032542221532e-03,9.999488876203276311e-01,8.069004424677311826e-02,0.000000000000000000e+00,0.000000000000000000e+00,0.000000000000000000e+00,1.000000000000000000e+00
9.995896758147462258e-01,-2.812149795098550439e-02,-5.446224156161730626e-03,5.405847344912738883e+00,2.819157266819333554e-02,9.995147410792210030e-01,1.324830539457308790e-02,5.039692182076778437e-02,5.071019134297885707e-03,-1.339640691852134191e-02,9.998974052604671092e-01,7.816371944410134553e-02,0.000000000000000000e+00,0.000000000000000000e+00,0.000000000000000000e+00,1.000000000000000000e+00
9.996028739264132268e-01,-2.817222707036177304e-02,-6.481203187379790120e-04,6.184831598568969468e+00,2.817888764702214388e-02,9.994829236340185830e-01,1.548662826333151513e-02,7.401304482673476404e-02,2.114923830499751758e-04,-1.549874142909938267e-02,9.998798649263258564e-01,8.018159785938865081e-02,0.000000000000000000e+00,0.000000000000000000e+00,0.000000000000000000e+00,1.000000000000000000e+00
9.994932081660199419e-01,-3.183084964795382388e-02,3.519100500066626395e-04,6.995098671133211710e+00,3.182245877465610107e-02,9.993893098061694680e-01,1.443393787845942758e-02,9.719909817190924839e-02,-8.111396484271767536e-04,-1.441542423355133586e-02,9.998957633656816446e-01,9.565555247139280459e-02,0.000000000000000000e+00,0.000000000000000000e+00,0.000000000000000000e+00,1.000000000000000000e+00
9.993850266076718114e-01,-3.502694395980326253e-02,1.637616932180157008e-03,7.794953537707671742e+00,3.499982464291963302e-02,9.992837898812958475e-01,1.438469865633413766e-02,1.239273618034041208e-01,-2.140296088076864243e-03,-1.431853614394482110e-02,9.998951938355100655e-01,1.050237558638828783e-01,0.000000000000000000e+00,0.000000000000000000e+00,0.000000000000000000e+00,1.000000000000000000e+00
9.991936290298126799e-01,-4.005171625957949094e-02,2.819881361409383100e-03,8.594516082010754232e+00,4.000751533987824404e-02,9.990971618861208547e-01,1.429194974185179698e-02,1.536116851876377087e-01,-3.389752580896530313e-03,-1.416760868164895423e-02,9.998938885910279017e-01,1.115061828254800685e-01,0.000000000000000000e+00,0.000000000000000000e+00,0.000000000000000000e+00,1.000000000000000000e+00
9.991806337391809789e-01,-4.027387120806492915e-02,4.009545919569172320e-03,9.372584504051911125e+00,4.020694183112440145e-02,9.990700812160553390e-01,1.556838615677570356e-02,2.176769327863123937e-01,-4.632816546498919573e-03,-1.539441836686569406e-02,9.998707660962964372e-01,1.246954184892558881e-01,0.000000000000000000e+00,0.000000000000000000e+00,0.000000000000000000e+00,1.000000000000000000e+00
9.991812530711189355e-01,-4.012972744632910954e-02,5.140864354101322246e-03,1.013741538331255398e+01,4.004268052521983701e-02,9.990691616977480649e-01,1.604349964646860707e-02,2.271208316428391105e-01,-5.779900308751952098e-03,-1.582451009144936541e-02,9.998580787455730867e-01,1.272831901522089026e-01,0.000000000000000000e+00,0.000000000000000000e+00,0.000000000000000000e+00,1.000000000000000000e+00
9.990377010607358610e-01,-4.367067409590785765e-02,4.067441859992851003e-03,1.100159088029609045e+01,4.360633624683933618e-02,9.989398687395317777e-01,1.475215515664906468e-02,2.583416784924329468e-01,-4.707366397785261482e-03,-1.456059293597820013e-02,9.998829080622149146e-01,1.389583017552618038e-01,0.000000000000000000e+00,0.000000000000000000e+00,0.000000000000000000e+00,1.000000000000000000e+00
9.988921345377959060e-01,-4.694638257125059028e-02,3.246647808966894849e-03,1.185857737174367443e+01,4.688945570720882278e-02,9.987748284236193097e-01,1.581837699774987435e-02,3.086261977127934819e-01,-3.985285686545497405e-03,-1.564861881557004161e-02,9.998696106128854844e-01,1.416982573378371413e-01,0.000000000000000000e+00,0.000000000000000000e+00,0.000000000000000000e+00,1.000000000000000000e+00
9.988208629126827942e-01,-4.853936673091226867e-02,9.020464076045643480e-04,1.273138482251304815e+01,4.851609392674810506e-02,9.986681602753355591e-01,1.755261468724310381e-02,3.556449006930208490e-01,-1.752837827755927315e-03,-1.748815398004794838e-02,9.998455340851013506e-01,1.494684765967887463e-01,0.000000000000000000e+00,0.000000000000000000e+00,0.000000000000000000e+00,1.000000000000000000e+00
9.989228575401025711e-01,-4.640033480085522383e-02,3.655328701283568548e-04,1.357501044122881595e+01,4.638076046181024981e-02,9.986765444942449221e-01,2.222576288926132390e-02,3.902338691605737875e-01,-1.396331942905009067e-03,-2.218486888385898595e-02,9.997529103982206733e-01,1.477968823424880007e-01,0.000000000000000000e+00,0.000000000000000000e+00,0.000000000000000000e+00,1.000000000000000000e+00
9.973683692728521066e-01,-7.249392839445270575e-02,9.830157406314542299e-04,1.461591471689466637e+01,7.245567726061122316e-02,9.971360470363425099e-01,2.167668179019972136e-02,4.759389612844453499e-01,-2.551628247315826034e-03,-2.154841169709234214e-02,9.997645498549254661e-01,1.577459966351216769e-01,0.000000000000000000e+00,0.000000000000000000e+00,0.000000000000000000e+00,1.000000000000000000e+00
9.965958296026949936e-01,-8.243779172892652662e-02,8.734491221225120731e-04,1.560930285255065897e+01,8.239756225016171831e-02,9.963471290254433121e-01,2.242855808955816765e-02,5.772737286175753102e-01,-2.719219325743680443e-03,-2.228023737764263032e-02,9.997480666991339637e-01,1.635725219426147348e-01,0.000000000000000000e+00,0.000000000000000000e+00,0.000000000000000000e+00,1.000000000000000000e+00
9.967569664896367421e-01,-8.045836483184166943e-02,1.414667083722470891e-03,1.656851973670044131e+01,8.040567041543583704e-02,9.965034703310315933e-01,2.271038932390902557e-02,6.887712185680692212e-01,-3.236961447988754605e-03,-2.252299151501643837e-02,9.997410849483979733e-01,1.766163164424029153e-01,0.000000000000000000e+00,0.000000000000000000e+00,0.000000000000000000e+00,1.000000000000000000e+00
9.964595611758343408e-01,-8.406838844167871527e-02,9.214152572345534007e-04,1.752692332025525701e+01,8.402325696371824859e-02,9.961835999644879092e-01,2.362895365837272901e-02,7.740308573048497731e-01,-2.904346822636616737e-03,-2.346787648253691183e-02,9.997203726757475373e-01,1.844272137701891690e-01,0.000000000000000000e+00,0.000000000000000000e+00,0.000000000000000000e+00,1.000000000000000000e+00
9.963272530345660405e-01,-8.562543631053867732e-02,-5.380680436940910418e-04,1.847320387363529548e+01,8.561484569340384321e-02,9.960582608972268215e-01,2.319566975266312836e-02,8.635309444771332998e-01,-1.450192223240611431e-03,-2.315654453950085137e-02,9.997307994592879998e-01,1.791467619397813515e-01,0.000000000000000000e+00,0.000000000000000000e+00,0.000000000000000000e+00,1.000000000000000000e+00
9.961515519250142559e-01,-8.761592168556531224e-02,-2.352841806731280350e-03,1.940409026648172386e+01,8.764600020116598833e-02,9.959328782537009150e-01,2.087775519597149382e-02,9.595563082525573328e-01,5.140487484329258998e-04,-2.100362541264319885e-02,9.997792673752596837e-01,1.726562346762089695e-01,0.000000000000000000e+00,0.000000000000000000e+00,0.000000000000000000e+00,1.000000000000000000e+00
9.962504000573013663e-01,-8.649572984370067219e-02,-1.905020857021145564e-03,2.033564055162036510e+01,8.651580300810848834e-02,9.960990573434582718e-01,1.736904687435373087e-02,1.042338382340698422e+00,3.952410938117607202e-04,-1.746873430638079538e-02,9.998473318993316150e-01,1.821127840867023395e-01,0.000000000000000000e+00,0.000000000000000000e+00,0.000000000000000000e+00,1.000000000000000000e+00
9.963664243734634551e-01,-8.516885088109743540e-02,4.639189863565673991e-04,2.126659503744897606e+01,8.515497468435631601e-02,9.962772326038921156e-01,1.342781000854365026e-02,1.137411553931123143e+00,-1.605823072157060638e-03,-1.333951403583935429e-02,9.999097352749146683e-01,1.927921403627085029e-01,0.000000000000000000e+00,0.000000000000000000e+00,0.000000000000000000e+00,1.000000000000000000e+00
9.966562376962085912e-01,-8.165060399786855383e-02,3.085891769792438021e-03,2.219939343229696149e+01,8.161465625525309020e-02,9.966098711733222260e-01,1.038328292108570659e-02,1.218123561322274062e+00,-3.923231521135059699e-03,-1.009670969503132128e-02,9.999413306328363005e-01,1.979565719374914434e-01,0.000000000000000000e+00,0.000000000000000000e+00,0.000000000000000000e+00,1.000000000000000000e+00
9.968845542928870263e-01,-7.856695396846004320e-02,6.958387484335559411e-03,2.315076353364728234e+01,7.849136910194533245e-02,9.968590657384001075e-01,1.054077946141297739e-02,1.296590492930432603e+00,-7.764688581417090313e-03,-9.961766874902244773e-03,9.999202332246134306e-01,2.108632440939778585e-01,0.000000000000000000e+00,0.000000000000000000e+00,0.000000000000000000e+00,1.000000000000000000e+00
9.969599980753800494e-01,-7.756141979214821458e-02,7.415416195825957207e-03,2.407972428600673709e+01,7.749212097523672238e-02,9.969503672729642663e-01,9.216093589435798636e-03,1.373154047587704429e+00,-8.107615203644582408e-03,-8.613440318257019682e-03,9.999300351632582906e-01,2.190602886565743423e-01,0.000000000000000000e+00,0.000000000000000000e+00,0.000000000000000000e+00,1.000000000000000000e+00
9.971506768451749991e-01,-7.521187751960133061e-02,5.805268915217607142e-03,2.501467339063177064e+01,7.516079175784626254e-02,9.971346267859884094e-01,8.566880802848611184e-03,1.447271351201958156e+00,-6.432965842836716776e-03,-8.106142382976735603e-03,9.999464522693867208e-01,2.270386098749058723e-01,0.000000000000000000e+00,0.000000000000000000e+00,0.000000000000000000e+00,1.000000000000000000e+00
9.973655216619408126e-01,-7.252461843239348116e-02,1.481864106960773843e-03,2.593421216907904636e+01,7.251327945157191868e-02,9.973453229566852096e-01,6.643122729042239341e-03,1.512854622651418346e+00,-1.959720177458050723e-03,-6.518166740017479303e-03,9.999768362313082859e-01,2.307953162083792586e-01,0.000000000000000000e+00,0.000000000000000000e+00,0.000000000000000000e+00,1.000000000000000000e+00
9.976611954458807219e-01,-6.835286208209502556e-02,1.592063854073874889e-04,2.686905439052720723e+01,6.835020873857641788e-02,9.976382831997084866e-01,6.790055943982919312e-03,1.562473740986620063e+00,-6.229501424810091319e-04,-6.763293540542578662e-03,9.999769346307972873e-01,2.420922916162404348e-01,0.000000000000000000e+00,0.000000000000000000e+00,0.000000000000000000e+00,1.000000000000000000e+00
9.978342272717268813e-01,-6.574234947354204439e-02,2.190518369093136068e-03,2.782769216726136108e+01,6.572711097094910415e-02,9.978169611420801832e-01,6.423312275449965386e-03,1.614717766913501107e+00,-2.608020022764743172e-03,-6.265424396968594621e-03,9.999769710791783783e-01,2.602249493027687377e-01,0.000000000000000000e+00,0.000000000000000000e+00,0.000000000000000000e+00,1.000000000000000000e+00
9.977275434787327146e-01,-6.701280514900630203e-02,7.002351743872854348e-03,2.880628289086374849e+01,6.698793347532966402e-02,9.977468198375254449e-01,3.728306961672899107e-03,1.655745157093560405e+00,-7.236418491791206387e-03,-3.250761473414384966e-03,9.999685329035391534e-01,2.740189003545411839e-01,0.000000000000000000e+00,0.000000000000000000e+00,0.000000000000000000e+00,1.000000000000000000e+00
9.976801449158412272e-01,-6.738241457328733586e-02,9.692195157453526583e-03,2.979584486142100275e+01,6.740511549325847729e-02,9.977236145589585270e-01,-2.034540915951006928e-03,1.703107931449211687e+00,-9.533039706040509140e-03,2.683124609835392960e-03,9.999509597956756091e-01,2.762774211612215591e-01,0.000000000000000000e+00,0.000000000000000000e+00,0.000000000000000000e+00,1.000000000000000000e+00
9.975970269114147193e-01,-6.860480693870636693e-02,9.672247019137009821e-03,3.076844381305372167e+01,6.867182381989948847e-02,9.976162958721225271e-01,-6.775457447771063638e-03,1.746713195033394062e+00,-9.184362293865950405e-03,7.423387049102924025e-03,9.999302679757101631e-01,2.888003833956635513e-01,0.000000000000000000e+00,0.000000000000000000e+00,0.000000000000000000e+00,1.000000000000000000e+00
9.977877063545202985e-01,-6.620142688746497028e-02,6.088031359996185464e-03,3.172508728797137323e+01,6.625240057162927465e-02,9.977659091696813309e-01,-8.591269829763645283e-03,1.803759858322176335e+00,-5.505675823454577768e-03,8.975610110468794020e-03,9.999445614417196149e-01,2.982685133090826612e-01,0.000000000000000000e+00,0.000000000000000000e+00,0.000000000000000000e+00,1.000000000000000000e+00
9.978539579096370460e-01,-6.531184759597294387e-02,4.673462064019693815e-03,3.266838453198919723e+01,6.534480537039832893e-02,9.978361447818855368e-01,-7.285916409149236980e-03,1.850706999140378617e+00,-4.187492706634476751e-03,7.575666994848662648e-03,9.999625363854466320e-01,3.060197232831259329e-01,0.000000000000000000e+00,0.000000000000000000e+00,0.000000000000000000e+00,1.000000000000000000e+00
9.977267132047140663e-01,-6.732795775504267499e-02,2.889958865758828974e-03,3.359875820627453891e+01,6.734499932731431715e-02,9.977100347017181514e-01,-6.271979041259053908e-03,1.912520889053994200e+00,-2.461061420312386522e-03,6.452345311995769453e-03,9.999761549240365754e-01,3.103561470807351119e-01,0.000000000000000000e+00,0.000000000000000000e+00,0.000000000000000000e+00,1.000000000000000000e+00
9.975880107399612839e-01,-6.932697187778533165e-02,3.454243496911320321e-03,3.455601237199321218e+01,6.935481239028407074e-02,9.975539009531516621e-01,-8.724946501276061375e-03,1.948713334680134635e+00,-2.840919954456809504e-03,8.943470433700244360e-03,9.999559707859211333e-01,3.240586292040870120e-01,0.000000000000000000e+00,0.000000000000000000e+00,0.000000000000000000e+00,1.000000000000000000e+00
9.974474008582413509e-01,-7.137685418428199591e-02,2.006790444391270793e-03,3.554105573437959009e+01,7.138711094137724367e-02,9.974328851480273039e-01,-5.614269028020962143e-03,2.010576031075822723e+00,-1.600909921072292625e-03,5.743197021809431230e-03,9.999822262297435316e-01,3.287460559960507789e-01,0.000000000000000000e+00,0.000000000000000000e+00,0.000000000000000000e+00,1.000000000000000000e+00
9.973280761670889616e-01,-7.299831112806877409e-02,2.820471821542386813e-03,3.653641816119493768e+01,7.300520459240067428e-02,9.973286149678641799e-01,-2.423606547658592111e-03,2.070889354118716774e+00,-2.636018070516752548e-03,2.623039977942236926e-03,9.999930855110983341e-01,3.453058364444733797e-01,0.000000000000000000e+00,0.000000000000000000e+00,0.000000000000000000e+00,1.000000000000000000e+00
9.972913365875764047e-01,-7.343739534917184675e-02,4.115693342340930906e-03,3.754767436367966837e+01,7.343918850248974672e-02,9.972996559512925518e-01,-2.860620968048888796e-04,2.143907406710042984e+00,-4.083571899020173659e-03,5.875404300573192941e-04,9.999914895821810923e-01,3.591159259729823638e-01,0.000000000000000000e+00,0.000000000000000000e+00,0.000000000000000000e+00,1.000000000000000000e+00
9.973206629561959247e-01,-7.282675132914574745e-02,6.910827117597005513e-03,3.855307792656948607e+01,7.282600557047556877e-02,9.973445961319757913e-01,3.598318883738524181e-04,2.210937739978408700e+00,-6.918681467992626732e-03,1.444201566979764562e-04,9.999760552081053966e-01,3.842188861787861343e-01,0.000000000000000000e+00,0.000000000000000000e+00,0.000000000000000000e+00,1.000000000000000000e+00
9.973075098272645711e-01,-7.288178544249973578e-02,8.122573043430343642e-03,3.958242100405636421e+01,7.286646465419048535e-02,9.973393520589397543e-01,2.166832583677118403e-03,2.277331263649409632e+00,-8.258884363639655904e-03,-1.569135226668410318e-03,9.999646636975279002e-01,3.944143704041951359e-01,0.000000000000000000e+00,0.000000000000000000e+00,0.000000000000000000e+00,1.000000000000000000e+00
9.971531535325951490e-01,-7.495274814617970682e-02,8.226417526979130229e-03,4.059557167749543538e+01,7.493112735658818968e-02,9.971844767098911877e-01,2.906124891320462263e-03,2.357876432534595779e+00,-8.421077903898293790e-03,-2.281436860536252033e-03,9.999619395220947782e-01,4.096507522587746197e-01,0.000000000000000000e+00,0.000000000000000000e+00,0.000000000000000000e+00,1.000000000000000000e+00
9.972543214741873552e-01,-7.357609203642125062e-02,8.389098980187087093e-03,4.160816345527710070e+01,7.350605579161932635e-02,9.972596289589972240e-01,8.372109084044601982e-03,2.428995493031478770e+00,-8.982096804788352457e-03,-7.732472386236931977e-03,9.999297629372709828e-01,4.378008543776394368e-01,0.000000000000000000e+00,0.000000000000000000e+00,0.000000000000000000e+00,1.000000000000000000e+00
9.974582636244221368e-01,-7.102799714646480800e-02,5.660030804348733374e-03,4.262758186664802196e+01,7.095524051489708606e-02,9.974053979379992052e-01,1.215837191432043995e-02,2.499805359251958237e+00,-6.508930082388826241e-03,-1.172585969111288560e-02,9.999100649776900829e-01,4.600305646661512760e-01,0.000000000000000000e+00,0.000000000000000000e+00,0.000000000000000000e+00,1.000000000000000000e+00
9.975256266835692553e-01,-7.012939996904854478e-02,4.948875581741316726e-03,4.363022555078667608e+01,7.006283101412452696e-02,9.974637437543016905e-01,1.254111661419758487e-02,2.573975321896698976e+00,-5.815824948233513231e-03,-1.216335297629484412e-02,9.999091103818122939e-01,4.759720395393315928e-01,0.000000000000000000e+00,0.000000000000000000e+00,0.000000000000000000e+00,1.000000000000000000e+00
9.976051001401818885e-01,-6.879769381197495259e-02,7.137331464988476773e-03,4.464320185409989250e+01,6.870524720707139876e-02,9.975589780925807615e-01,1.247694806803235044e-02,2.631776091636979675e+00,-7.978294335414385860e-03,-1.195669490415157341e-02,9.998966867964250715e-01,4.976972718207783863e-01,0.000000000000000000e+00,0.000000000000000000e+00,0.000000000000000000e+00,1.000000000000000000e+00
9.977622843624657234e-01,-6.640574102359385333e-02,7.791114354961476036e-03,4.563417042601705020e+01,6.631641517796454943e-02,9.977356442024685190e-01,1.121237556548797427e-02,2.680798921653770872e+00,-8.518038608063710840e-03,-1.067060668308763074e-02,9.999067862412418517e-01,5.038392096384665120e-01,0.000000000000000000e+00,0.000000000000000000e+00,0.000000000000000000e+00,1.000000000000000000e+00
9.976634528775837341e-01,-6.829049046943654055e-02,2.010896271005030780e-03,4.660912728493329382e+01,6.825747726544173499e-02,9.975771154991470713e-01,1.344676279826254907e-02,2.736040258890517940e+00,-2.924310128316711700e-03,-1.327808509683836742e-02,9.999075661612110144e-01,5.206131281451711335e-01,0.000000000000000000e+00,0.000000000000000000e+00,0.000000000000000000e+00,1.000000000000000000e+00
9.973955944906910398e-01,-7.210946194094944306e-02,1.501195902946095805e-03,4.759748642127927098e+01,7.207905694124283613e-02,9.972866227834185082e-01,1.496668192007613932e-02,2.786501981702810493e+00,-2.576361972483437197e-03,-1.481949782625811320e-02,9.998868660219344395e-01,5.394222400478522195e-01,0.000000000000000000e+00,0.000000000000000000e+00,0.000000000000000000e+00,1.000000000000000000e+00
9.974320534071153821e-01,-7.160141454130115879e-02,-1.592567657085385696e-03,4.856005641746683921e+01,7.161733878671759645e-02,9.973175539268372969e-01,1.512129010671011374e-02,2.852785357728869098e+00,5.055899188976015375e-04,-1.519651489873776080e-02,9.998843984750275249e-01,5.528917732236662275e-01,0.000000000000000000e+00,0.000000000000000000e+00,0.000000000000000000e+00,1.000000000000000000e+00
9.973664185248959368e-01,-7.251192188495293733e-02,1.499461025320582112e-03,4.953653023794685595e+01,7.248709540873023160e-02,9.972881362052250509e-01,1.272770142279103928e-02,2.880592547786970048e+00,-2.418304782598747985e-03,-1.258549040969818636e-02,9.999178752443257379e-01,5.625421315317196136e-01,0.000000000000000000e+00,0.000000000000000000e+00,0.000000000000000000e+00,1.000000000000000000e+00
9.975662501985509412e-01,-6.965249975969538265e-02,3.178952975933428335e-03,5.054041918994720106e+01,6.962745066240924596e-02,9.975455633775158759e-01,7.407232957268391864e-03,2.937285810903770500e+00,-3.687082729104272129e-03,-7.167863214038441497e-03,9.999675130512463150e-01,5.891202358368261560e-01,0.000000000000000000e+00,0.000000000000000000e+00,0.000000000000000000e+00,1.000000000000000000e+00
9.978899191459077445e-01,-6.481918155951035820e-02,3.766028269229039060e-03,5.152022811324947327e+01,6.480810957474590628e-02,9.978932613997198997e-01,2.991285070684479748e-03,3.011475860054902309e+00,-3.951986882197444650e-03,-2.740904044592905493e-03,9.999884345554714837e-01,5.915934582373969519e-01,0.000000000000000000e+00,0.000000000000000000e+00,0.000000000000000000e+00,1.000000000000000000e+00
9.977908456136248549e-01,-6.621252646771508266e-02,5.415694637450416647e-03,5.249498799228525314e+01,6.624073551618012146e-02,9.977900866360224219e-01,-5.206531393410995107e-03,3.083045497270403779e+00,-5.058988823804664615e-03,5.553768957862205077e-03,9.999717807430589245e-01,5.901092449471100343e-01,0.000000000000000000e+00,0.000000000000000000e+00,0.000000000000000000e+00,1.000000000000000000e+00
9.979834992948557471e-01,-6.298767241975711251e-02,7.841444913551634879e-03,5.345348111813508041e+01,6.304280787480967541e-02,9.979863131614410410e-01,-6.994506250714089407e-03,3.144674210502695910e+00,-7.385087030676003653e-03,7.474748529074342306e-03,9.999447927880705800e-01,6.034974671301787108e-01,0.000000000000000000e+00,0.000000000000000000e+00,0.000000000000000000e+00,1.000000000000000000e+00
9.980504508572505262e-01,-6.176141290261493583e-02,8.990295874319697081e-03,5.440790947466981464e+01,6.182642449928843487e-02,9.980613615476477962e-01,-7.142255896192531775e-03,3.228282473858394397e+00,-8.531751125578836137e-03,7.684169566433715279e-03,9.999340792076277795e-01,6.149406743355354532e-01,0.000000000000000000e+00,0.000000000000000000e+00,0.000000000000000000e+00,1.000000000000000000e+00
9.980362915066199880e-01,-6.127267730817767544e-02,1.300845306704114489e-02,5.539926268903260365e+01,6.135560271006432892e-02,9.980974887294231657e-01,-6.073961483282301448e-03,3.266094914016075101e+00,-1.261153645652089705e-02,6.860175471784010770e-03,9.998969382594902200e-01,6.297673518307351781e-01,0.000000000000000000e+00,0.000000000000000000e+00,0.000000000000000000e+00,1.000000000000000000e+00
9.976592597472915269e-01,-6.542172220462831589e-02,1.989974131147172892e-02,5.640251159824679661e+01,6.557508963197636320e-02,9.978219922939713937e-01,-7.153971920900928719e-03,3.330222652774646352e+00,-1.938837435787852531e-02,8.442153651012822627e-03,9.997763854890211466e-01,6.402291957122675514e-01,0.000000000000000000e+00,0.000000000000000000e+00,0.000000000000000000e+00,1.000000000000000000e+00
9.975497116932480202e-01,-6.650580196166910874e-02,2.171522521525560967e-02,5.739047690546271241e+01,6.665080616299809413e-02,9.977581857291045742e-01,-6.022694445554174596e-03,3.436713464021239339e+00,-2.126599958940073726e-02,7.455274374387905675e-03,9.997460558289124055e-01,6.409626137672462809e-01,0.000000000000000000e+00,0.000000000000000000e+00,0.000000000000000000e+00,1.000000000000000000e+00
9.978383690982759457e-01,-6.299322950201069471e-02,1.872010128702119094e-02,5.838063641271389059e+01,6.309819135542449331e-02,9.979944476777350415e-01,-5.069581056072190381e-03,3.515610541750496143e+00,-1.836320786146781320e-02,6.239827026204965155e-03,9.998119108891033724e-01,6.414738020039095767e-01,0.000000000000000000e+00,0.000000000000000000e+00,0.000000000000000000e+00,1.000000000000000000e+00
9.980308717713193278e-01,-6.207332882881839986e-02,9.015588693254677349e-03,5.931814218763913971e+01,6.211057424078077899e-02,9.980616098718744222e-01,-3.911453366776907956e-03,3.584544509480821262e+00,-8.755316034097907624e-03,4.463714604394959998e-03,9.999517086805115307e-01,6.263307983472279350e-01,0.000000000000000000e+00,0.000000000000000000e+00,0.000000000000000000e+00,1.000000000000000000e+00
9.979239154041871229e-01,-6.414454318283993595e-02,5.773789417536699317e-03,6.023249329327683910e+01,6.416104212766049475e-02,9.979358535085296467e-01,-2.718998950485081514e-03,3.643659187355952511e+00,-5.587462524774512544e-03,3.083806424703761876e-03,9.999796349928684602e-01,6.428861346854292114e-01,0.000000000000000000e+00,0.000000000000000000e+00,0.000000000000000000e+00,1.000000000000000000e+00
9.979519061659331003e-01,-6.368493457478077713e-02,6.018478876143554257e-03,6.113996797983812570e+01,6.369614087725795903e-02,9.979679100628462418e-01,-1.688822707578255949e-03,3.718359415230126697e+00,-5.898696222141841528e-03,2.068717718566678680e-03,9.999804627040876914e-01,6.414009210326243604e-01,0.000000000000000000e+00,0.000000000000000000e+00,0.000000000000000000e+00,1.000000000000000000e+00
9.980922378864243161e-01,-6.132179038902186435e-02,7.177931063321901783e-03,6.204407161747504063e+01,6.131701575322923148e-02,9.981179503790020835e-01,8.835781434593196083e-04,3.793578689945853455e+00,-7.218604434590165930e-03,-4.417631744665514136e-04,9.999738479556932180e-01,6.592698040771426404e-01,0.000000000000000000e+00,0.000000000000000000e+00,0.000000000000000000e+00,1.000000000000000000e+00
9.982152965902418851e-01,-5.931150547104192816e-02,6.954636727333566790e-03,6.297013634293449513e+01,5.928074979243182913e-02,9.982309883209422585e-01,4.548258989834517638e-03,3.854972283001057765e+00,-7.212097981698606733e-03,-4.127865616775589462e-03,9.999654725880054995e-01,6.791701729297872081e-01,0.000000000000000000e+00,0.000000000000000000e+00,0.000000000000000000e+00,1.000000000000000000e+00
9.979534016653013317e-01,-6.368176909398384766e-02,5.800033595564017819e-03,6.385072162524695472e+01,6.364224387267836125e-02,9.979498690917719683e-01,6.761920922461223983e-03,3.911171623262193364e+00,-6.218753854236949881e-03,-6.378954833802339720e-03,9.999603172305037146e-01,6.820236131678890645e-01,0.000000000000000000e+00,0.000000000000000000e+00,0.000000000000000000e+00,1.000000000000000000e+00
9.980250268229834409e-01,-6.249516546003428680e-02,6.356109588501317534e-03,6.470890637440841431e+01,6.244994440706566619e-02,9.980229817372576751e-01,7.080421443931068926e-03,3.975042514225389123e+00,-6.786035553430120465e-03,-6.669499111049214703e-03,9.999547327269748820e-01,6.904544878593769086e-01,0.000000000000000000e+00,0.000000000000000000e+00,0.000000000000000000e+00,1.000000000000000000e+00
9.979312025199362779e-01,-6.407116252618011432e-02,5.310477346965640326e-03,6.555645047129083025e+01,6.403596793580165758e-02,9.979260830753811096e-01,6.551910282338666534e-03,4.031261526942556905e+00,-5.719252366674641361e-03,-6.198294149742129312e-03,9.999644350185661335e-01,7.069065514613332990e-01,0.000000000000000000e+00,0.000000000000000000e+00,0.000000000000000000e+00,1.000000000000000000e+00
9.979499271303567953e-01,-6.372416233466840496e-02,5.930773579876762354e-03,6.637668419761564564e+01,6.368991157898740152e-02,9.979529095605182976e-01,5.795296606103343857e-03,4.080969270550738770e+00,-6.287933171687559025e-03,-5.405685380861614299e-03,9.999656196399916430e-01,7.199987475682211313e-01,0.000000000000000000e+00,0.000000000000000000e+00,0.000000000000000000e+00,1.000000000000000000e+00
9.976183149921608040e-01,-6.880146191250553767e-02,4.904735558559056990e-03,6.716869921402530963e+01,6.877875584565652789e-02,9.976210678547592359e-01,4.657007263235902160e-03,4.124839727298894587e+00,-5.213476433322684032e-03,-4.308574129385444977e-03,9.999771276646539642e-01,7.343551265592918043e-01,0.000000000000000000e+00,0.000000000000000000e+00,0.000000000000000000e+00,1.000000000000000000e+00
9.972603111667525111e-01,-7.328283845683616904e-02,1.007458978305333409e-02,6.796447501487676845e+01,7.322843600909918760e-02,9.972990916925664751e-01,5.667262905547789699e-03,4.190857772647283319e+00,-1.046269235181399720e-02,-4.913989915403614572e-03,9.999331901541539391e-01,7.423063024103921936e-01,0.000000000000000000e+00,0.000000000000000000e+00,0.000000000000000000e+00,1.000000000000000000e+00
9.969271352355694171e-01,-7.724004644864392033e-02,1.304845797817890361e-02,6.875546929142659280e+01,7.714712734466357136e-02,9.969916518498894709e-01,7.481101796777562749e-03,4.262637422979694612e+00,-1.358704432402860381e-02,-6.451462333372597578e-03,9.998868790319728195e-01,7.641702422986416110e-01,0.000000000000000000e+00,0.000000000000000000e+00,0.000000000000000000e+00,1.000000000000000000e+00
9.966327547922639862e-01,-8.090397171720917213e-02,1.333039517648973438e-02,6.953211454481149190e+01,8.078677490946321871e-02,9.966897896759924214e-01,9.108246557475491514e-03,4.334410153401108801e+00,-1.402316208663280210e-02,-8.000657223326129719e-03,9.998696617105093942e-01,7.831460619072424523e-01,0.000000000000000000e+00,0.000000000000000000e+00,0.000000000000000000e+00,1.000000000000000000e+00
9.964769605882531911e-01,-8.306959184473378111e-02,1.153732757377328756e-02,7.029061099682594715e+01,8.295711902671579208e-02,9.965038629153234462e-01,9.907956278878813153e-03,4.410153178868854162e+00,-1.232004137908649689e-02,-8.915946701630190693e-03,9.998843545504815244e-01,7.873517507242099311e-01,0.000000000000000000e+00,0.000000000000000000e+00,0.000000000000000000e+00,1.000000000000000000e+00
9.961891288820963197e-01,-8.698498191320358508e-02,6.390024936449230884e-03,7.100688162986828900e+01,8.691618616945662179e-02,9.961618258389320912e-01,1.035342083567962999e-02,4.482902581380238338e+00,-7.266091031980934957e-03,-9.758568686240984627e-03,9.999259843900010214e-01,7.930468750111119292e-01,0.000000000000000000e+00,0.000000000000000000e+00,0.000000000000000000e+00,1.000000000000000000e+00
9.960858710312470166e-01,-8.838650556274467440e-02,8.735939142947152236e-04,7.170442337344320549e+01,8.837102584312957199e-02,9.960233035729466611e-01,1.131991744960199331e-02,4.550463846217403407e+00,-1.870647843126079825e-03,-1.119840944241143679e-02,9.999355460741501389e-01,8.029194344766613645e-01,0.000000000000000000e+00,0.000000000000000000e+00,0.000000000000000000e+00,1.000000000000000000e+00
9.961709868355913544e-01,-8.733950738982117212e-02,3.895566185586827202e-03,7.241652561299824242e+01,8.726359951073790755e-02,9.960465756547918215e-01,1.662177267299078456e-02,4.615651185468161444e+00,-5.331902796594947466e-03,-1.621818655912286855e-02,9.998542599985773549e-01,8.261819659925409010e-01,0.000000000000000000e+00,0.000000000000000000e+00,0.000000000000000000e+00,1.000000000000000000e+00
9.963281851628691399e-01,-8.529484072340592915e-02,7.411990018283702922e-03,7.310822180488486310e+01,8.513089086492969804e-02,9.961656434896087875e-01,2.016784945098005696e-02,4.681731113163785096e+00,-9.103783312757102175e-03,-1.946280752879386150e-02,9.997691334765708149e-01,8.434295455506288786e-01,0.000000000000000000e+00,0.000000000000000000e+00,0.000000000000000000e+00,1.000000000000000000e+00
9.964672021447336103e-01,-8.348087680986129855e-02,9.168329013583272763e-03,7.378369763294294614e+01,8.330409184969185532e-02,9.963576588348205254e-01,1.821658481419380360e-02,4.728093693785876184e+00,-1.065567130417128736e-02,-1.738846998017559708e-02,9.997920272640745676e-01,8.615918475507178265e-01,0.000000000000000000e+00,0.000000000000000000e+00,0.000000000000000000e+00,1.000000000000000000e+00
9.967392136108603751e-01,-8.043183548742766087e-02,6.454447344643635120e-03,7.443288202778843754e+01,8.033319031457712700e-02,9.966653059921205537e-01,1.431245490873275447e-02,4.761134182730709874e+00,-7.584100756399684076e-03,-1.374727870365792526e-02,9.998767392753783456e-01,8.660790380705254421e-01,0.000000000000000000e+00,0.000000000000000000e+00,0.000000000000000000e+00,1.000000000000000000e+00
9.969573436230303454e-01,-7.794856715692444205e-02,-2.754528841370680603e-04,7.506111399082534774e+01,7.794741528903346983e-02,9.969072494196274947e-01,1.000682288993120020e-02,4.813148934467295526e+00,-5.054165289934374472e-04,-9.997846406803893859e-03,9.999498925553019779e-01,8.789619015830811843e-01,0.000000000000000000e+00,0.000000000000000000e+00,0.000000000000000000e+00,1.000000000000000000e+00
9.969495176686925531e-01,-7.796615312288918132e-02,-3.596969193056217488e-03,7.567970849511098663e+01,7.799264557346213822e-02,9.969223892139887910e-01,7.930770474729915281e-03,4.846115555030770849e+00,2.967567456655469029e-03,-8.187114942935388301e-03,9.999620816272501989e-01,8.881836751103981964e-01,0.000000000000000000e+00,0.000000000000000000e+00,0.000000000000000000e+00,1.000000000000000000e+00
9.974467338613542955e-01,-7.132995948321628477e-02,-3.471309469892493085e-03,7.627864393925092656e+01,7.135501513077448232e-02,9.974210501919723582e-01,7.727253692444136651e-03,4.851667135325900659e+00,2.911172444202966142e-03,-7.955219296993845668e-03,9.999641191367512061e-01,8.935624751654400733e-01,0.000000000000000000e+00,0.000000000000000000e+00,0.000000000000000000e+00,1.000000000000000000e+00
9.978294036063577455e-01,-6.583856128608471525e-02,-1.328588106008624960e-03,7.687276952902497840e+01,6.584939557788418996e-02,9.977656007250380599e-01,1.129881019524756058e-02,4.914928112852822828e+00,5.817221022082095724e-04,-1.136177176233752611e-02,9.999352837768141766e-01,8.863983726861910384e-01,0.000000000000000000e+00,0.000000000000000000e+00,0.000000000000000000e+00,1.000000000000000000e+00
9.982406662861935676e-01,-5.925990439818704797e-02,-1.958546198336129016e-03,7.746994327902382338e+01,5.928204374932366516e-02,9.981371879618891052e-01,1.441503716380385103e-02,4.957974246250492101e+00,1.100664070677354923e-03,-1.450578292434983284e-02,9.998941798012208615e-01,8.970701893228441026e-01,0.000000000000000000e+00,0.000000000000000000e+00,0.000000000000000000e+00,1.000000000000000000e+00
9.987383739667157201e-01,-5.012275942930465022e-02,3.060939971628587851e-03,7.804078738882878952e+01,5.009050368753257404e-02,9.986962580782390297e-01,9.834914379435609824e-03,4.992739732607113012e+00,-3.549902343315851621e-03,-9.669182370482448663e-03,9.999469511457298454e-01,9.137929280101380058e-01,0.000000000000000000e+00,0.000000000000000000e+00,0.000000000000000000e+00,1.000000000000000000e+00
9.991295811487056477e-01,-4.105686616667145183e-02,7.376571980292243383e-03,7.860520713907529000e+01,4.101699117107687753e-02,9.991434320464537278e-01,5.478013663950938826e-03,4.999482015259721912e+00,-7.595163518986962174e-03,-5.170680709800936324e-03,9.999577878851276802e-01,9.255409767806663801e-01,0.000000000000000000e+00,0.000000000000000000e+00,0.000000000000000000e+00,1.000000000000000000e+00
9.995015083729983374e-01,-3.060074838864277821e-02,7.767171824660347619e-03,7.915572994139633067e+01,3.055523843025932662e-02,9.995155963777663244e-01,5.911852676290098134e-03,5.058370195695724547e+00,-7.944316494751892110e-03,-5.671577880198806765e-03,9.999523593850763170e-01,9.305965153252780953e-01,0.000000000000000000e+00,0.000000000000000000e+00,0.000000000000000000e+00,1.000000000000000000e+00
9.998419087075520739e-01,-1.577678648820630969e-02,8.200646324665737674e-03,7.967189752130856562e+01,1.569109854831598691e-02,9.998226917908802358e-01,1.041030289582052168e-02,5.081876159005465077e+00,-8.363433408817263007e-03,-1.027997996793995547e-02,9.999121836408814135e-01,9.290829102814393003e-01,0.000000000000000000e+00,0.000000000000000000e+00,0.000000000000000000e+00,1.000000000000000000e+00
9.999484162277575416e-01,3.865994001949162821e-03,9.392495620152600116e-03,8.021568358152889289e+01,-4.004016738363572539e-03,9.998836245290584346e-01,1.472091194828941546e-02,5.089659467863005382e+00,-9.334491606756260135e-03,-1.475776029779759732e-02,9.998475262645983852e-01,9.348905004504088900e-01,0.000000000000000000e+00,0.000000000000000000e+00,0.000000000000000000e+00,1.000000000000000000e+00
9.996320003808080168e-01,2.558865968385548584e-02,9.004682684407884496e-03,8.072695713494061920e+01,-2.573724237659025249e-02,9.995277190363964781e-01,1.679086753996893860e-02,5.071770943763164397e+00,-8.570774148915886320e-03,-1.701644420788038861e-02,9.998184747527966154e-01,9.450561178323454437e-01,0.000000000000000000e+00,0.000000000000000000e+00,0.000000000000000000e+00,1.000000000000000000e+00
9.986443587533569977e-01,5.133329602600379682e-02,8.621916793936109866e-03,8.123309921053134985e+01,-5.146474267605555958e-02,9.985500307956126642e-01,1.578658479107342139e-02,5.050571318749923933e+00,-7.799037849782450120e-03,-1.620890857476045208e-02,9.998382100577236642e-01,9.516944391048797192e-01,0.000000000000000000e+00,0.000000000000000000e+00,0.000000000000000000e+00,1.000000000000000000e+00
9.968322960011167799e-01,7.891231132703709072e-02,9.910639241020634607e-03,8.170507058412015056e+01,-7.903958411614236956e-02,9.967842990131127179e-01,1.318352698189537847e-02,5.007288492894141463e+00,-8.838427003049023969e-03,-1.392509827468998811e-02,9.998639776720392724e-01,9.468087478833391302e-01,0.000000000000000000e+00,0.000000000000000000e+00,0.000000000000000000e+00,1.000000000000000000e+00
9.936383801165663554e-01,1.118190762735214311e-01,1.338894098356887587e-02,8.214293925553280928e+01,-1.119295157681784170e-01,9.936855165010406443e-01,7.802422441673207386e-03,4.981785097707329690e+00,-1.243193706653608101e-02,-9.251404076868054854e-03,9.998799220223297812e-01,9.538347845172179262e-01,0.000000000000000000e+00,0.000000000000000000e+00,0.000000000000000000e+00,1.000000000000000000e+00
