1.000000000000000000e+00,0.000000000000000000e+00,0.000000000000000000e+00,0.000000000000000000e+00,0.000000000000000000e+00,1.000000000000000000e+00,0.000000000000000000e+00,0.000000000000000000e+00,0.000000000000000000e+00,0.000000000000000000e+00,1.000000000000000000e+00,0.000000000000000000e+00,0.000000000000000000e+00,0.000000000000000000e+00,0.000000000000000000e+00,1.000000000000000000e+00
9.999960674362675661e-01,-2.798778803250017745e-03,1.787434186420978552e-04,5.817309062201592162e-01,2.799294471698725133e-03,9.999917218455051104e-01,-2.952996939202302135e-03,-1.218991820581771801e-02,-1.704771537369615710e-04,2.953485681817300153e-03,9.999956239203585673e-01,6.519526644217510380e-03,0.000000000000000000e+00,0.000000000000000000e+00,0.000000000000000000e+00,1.000000000000000000e+00
9.999774143625866918e-01,-6.616028951302474655e-03,-1.182761865537141147e-03,1.218794915954791058e+00,6.613095246226566304e-03,9.999750893323113843e-01,-2.467323671559507221e-03,-7.451084485866569379e-04,1.199056286992626055e-03,2.459446228611304915e-03,9.999962566871284375e-01,1.183867580326626590e-02,0.000000000000000000e+00,0.000000000000000000e+00,0.000000000000000000e+00,1.000000000000000000e+00
9.999366297729208597e-01,-1.108231672969695221e-02,-1.979569214416829811e-03,1.868874974230009034e+00,1.107721100258234406e-02,9.999353384820049984e-01,-2.571818672207289418e-03,-1.005137372168360280e-03,2.007942921563199857e-03,2.549727589591724297e-03,9.999947335133533288e-01,9.495945575778898945e-03,0.000000000000000000e+00,0.000000000000000000e+00,0.000000000000000000e+00,1.000000000000000000e+00
9.998871784022277387e-01,-1.468591407839176313e-02,-3.155058559276060874e-03,2.549044127427751327e+00,1.467587092178742822e-02,9.998872369689144612e-01,-3.183105300892576789e-03,5.697499206526050568e-03,3.201449596261046054e-03,3.136442945700108637e-03,9.999899566726312417e-01,3.849282499353384041e-03,0.000000000000000000e+00,0.000000000000000000e+00,0.000000000000000000e+00,1.000000000000000000e+00
9.997597563201937598e-01,-2.174495375025798510e-02,-2.754383594365237154e-03,3.246473233335547715e+00,2.173397900582770340e-02,9.997559717110845456e-01,-3.953629294589055578e-03,-8.382441890562548209e-03,2.839682933006191460e-03,3.892815744924879150e-03,9.999883910258239306e-01,6.115448252863007333e-03,0.000000000000000000e+00,0.000000000000000000e+00,0.000000000000000000e+00,1.000000000000000000e+00
9.996659913780292506e-01,-2.571225383684518431e-02,-2.604934703847701198e-03,3.990743224665643574e+00,2.570384008771847695e-02,9.996644367013117760e-01,-3.213502667521838177e-03,-1.099088348394094625e-03,2.686686979658312133e-03,3.145472504857585710e-03,9.999914438212932355e-01,1.287056859223606117e-02,0.000000000000000000e+00,0.000000000000000000e+00,0.000000000000000000e+00,1.000000000000000000e+00
9.995346156235200841e-01,-3.046304960281060945e-02,-1.598367679390426356e-03,4.727923134632638025e+00,3.045764677356126507e-02,9.995306035214379659e-01,-3.302177628042190193e-03,2.666330205946335768e-02,1.698211812110614252e-03,3.251958327972667793e-03,9.999932703991936123e-01,1.796454340427589003e-02,0.000000000000000000e+00,0.000000000000000000e+00,0.000000000000000000e+00,1.000000000000000000e+00
9.993843233111106006e-01,-3.508401909297678700e-02,-2.931284302300151638e-04,5.482256080602774695e+00,3.508325046535566011e-02,9.993817247040280849e-01,-2.309516050519973794e-03,6.413882653982602711e-02,3.739743013750369133e-04,2.297810237188858355e-03,9.999972901019962279e-01,1.785426083907237782e-02,0.000000000000000000e+00,0.000000000000000000e+00,0.000000000000000000e+00,1.000000000000000000e+00
9.991894997907327935e-01,-4.020321563499292677e-02,2.011208728645299051e-03,6.264126491656863749e+00,4.020625408004805529e-02,9.991902849746063797e-01,-1.493835739417785028e-03,1.041450533610671914e-01,-1.949523222363438307e-03,1.573488154390370770e-03,9.999968617421924888e-01,1.748632060557890264e-02,0.000000000000000000e+00,0.000000000000000000e+00,0.000000000000000000e+00,1.000000000000000000e+00
9.988652552105361515e-01,-4.751019013825288906e-02,3.314176551650641674e-03,7.064726933077963622e+00,4.751674193547075070e-02,9.988685829937796745e-01,-1.926951955047910645e-03,1.317286593194193500e-01,-3.218876982166881534e-03,2.082244228290841114e-03,9.999926515179735631e-01,2.255168219639717628e-02,0.000000000000000000e+00,0.000000000000000000e+00,0.000000000000000000e+00,1.000000000000000000e+00
9.984556852316671671e-01,-5.527409168655333938e-02,5.569507768747111558e-03,7.848593813449903145e+00,5.528600822632541434e-02,9.984685384438410916e-01,-2.008738962253560183e-03,1.464036345374500614e-01,-5.449947060138591280e-03,2.313552689328061181e-03,9.999824726218932147e-01,2.227275985069962494e-02,0.000000000000000000e+00,0.000000000000000000e+00,0.000000000000000000e+00,1.000000000000000000e+00
9.981822993991553705e-01,-5.996944354286914969e-02,5.980218003746712828e-03,8.615713073334058336e+00,5.996672101077563793e-02,9.982001757191121261e-01,6.336919997234377426e-04,1.952242773026106326e-01,-6.007456818779550664e-03,-2.739260727804100279e-04,9.999819175500509472e-01,2.322469645374791725e-02,0.000000000000000000e+00,0.000000000000000000e+00,0.000000000000000000e+00,1.000000000000000000e+00
9.980944018247991378e-01,-6.149085563176940467e-02,5.141956793681200233e-03,9.390153198328649253e+00,6.149434180783869275e-02,9.981072952910672313e-01,-5.225058578943490243e-04,2.263258354378333836e-01,-5.100095255570140373e-03,8.377114203168630098e-04,9.999866435447825053e-01,3.568442476133142083e-02,0.000000000000000000e+00,0.000000000000000000e+00,0.000000000000000000e+00,1.000000000000000000e+00
9.979608911395582149e-01,-6.356465036383265876e-02,5.796117671483619511e-03,1.020565073972463921e+01,6.356551545288406657e-02,9.979776670938953487e-01,3.502907337950820522e-05,2.384241560364398493e-01,-5.786622602790864912e-03,3.334755621279284757e-04,9.999832017553603736e-01,3.610013185860331403e-02,0.000000000000000000e+00,0.000000000000000000e+00,0.000000000000000000e+00,1.000000000000000000e+00
9.977194117330469014e-01,-6.716874628030075622e-02,6.658451336031378197e-03,1.105390737554380109e+01,6.714647248029362303e-02,9.977369394669421965e-01,3.514378549912343386e-03,3.013936987118741584e-01,-6.879439258753517958e-03,-3.059272180029452316e-03,9.999716566829347508e-01,6.333389103163264422e-02,0.000000000000000000e+00,0.000000000000000000e+00,0.000000000000000000e+00,1.000000000000000000e+00
9.973988212523301478e-01,-7.184687125618639814e-02,5.798142388547476364e-03,1.192282675767021516e+01,7.181118541838464597e-02,9.973993156469611598e-01,6.144818612348074832e-03,3.729120508325364791e-01,-6.224549242094884298e-03,-5.712463362619039919e-03,9.999643107376697815e-01,5.600240288733931981e-02,0.000000000000000000e+00,0.000000000000000000e+00,0.000000000000000000e+00,1.000000000000000000e+00
9.973001663379950088e-01,-7.321625854947022560e-02,5.635397610022581383e-03,1.281334984946925459e+01,7.314930570406688592e-02,9.972571045244087440e-01,1.128922276348817873e-02,4.709116479816997103e-01,-6.446494956089018381e-03,-1.084651831731405815e-02,9.999203947030846917e-01,5.908542182103183882e-02,0.000000000000000000e+00,0.000000000000000000e+00,0.000000000000000000e+00,1.000000000000000000e+00
9.974566833228293294e-01,-7.109452846570647744e-02,5.072762251224562612e-03,1.366783424511307388e+01,7.099428042614006062e-02,9.973183662272907535e-01,1.777325328970418006e-02,5.164690205180318960e-01,-6.322740022583847423e-03,-1.736791317240645588e-02,9.998291746846768024e-01,7.028989197550376822e-02,0.000000000000000000e+00,0.000000000000000000e+00,0.000000000000000000e+00,1.000000000000000000e+00
9.961378764908893624e-01,-8.765064285582827019e-02,5.166800477922965998e-03,1.466593735781195917e+01,8.754531084537305052e-02,9.959988265395471885e-01,1.794870694028891100e-02,6.419021374384852319e-01,-6.719342914722447636e-03,-1.742705766334102027e-02,9.998255588311353304e-01,7.255111452983149800e-02,0.000000000000000000e+00,0.000000000000000000e+00,0.000000000000000000e+00,1.000000000000000000e+00
9.949518888426832630e-01,-1.001391297659022794e-01,6.549318903685612606e-03,1.564098993361042922e+01,1.000357529581331339e-01,9.948772547115966036e-01,1.456352250016647309e-02,8.050806147866111928e-01,-7.974146880622333400e-03,-1.383483817185052547e-02,9.998724969886330083e-01,5.473870272346749444e-02,0.000000000000000000e+00,0.000000000000000000e+00,0.000000000000000000e+00,1.000000000000000000e+00
9.946433993168819487e-01,-1.032110271210130020e-01,5.656153815044031967e-03,1.656950391372765097e+01,1.031285677272669177e-01,9.945788153134719201e-01,1.332211125044902369e-02,8.980036827832802437e-01,-7.000479546176520233e-03,-1.266743897843378153e-02,9.998952591526026890e-01,5.690493554530991205e-02,0.000000000000000000e+00,0.000000000000000000e+00,0.000000000000000000e+00,1.000000000000000000e+00
9.942591138827721053e-01,-1.068338936890812496e-01,5.944208969350738871e-03,1.750039332677057402e+01,1.067661291977877042e-01,9.942261338856098751e-01,1.074189717838032639e-02,1.005542713586609738e+00,-7.057486603779881094e-03,-1.004558898719601009e-02,9.999246361725154797e-01,5.668741653780516587e-02,0.000000000000000000e+00,0.000000000000000000e+00,0.000000000000000000e+00,1.000000000000000000e+00
9.938700453527593570e-01,-1.104720143054074843e-01,4.273991788301722064e-03,1.842144486177135576e+01,1.104194098573420546e-01,9.938237950449563263e-01,1.103713410227190155e-02,1.123500107181250929e+00,-5.466889175477883042e-03,-1.049754531979013236e-02,9.999299548793413317e-01,4.963685739514267503e-02,0.000000000000000000e+00,0.000000000000000000e+00,0.000000000000000000e+00,1.000000000000000000e+00
9.932723877430983395e-01,-1.157190179353590198e-01,4.367222824346407573e-03,1.932308726490201778e+01,1.156707580825650783e-01,9.932369075178325568e-01,1.003599865543928875e-02,1.204346466891780487e+00,-5.499042800903143277e-03,-9.463320373067140440e-03,9.999401012539650413e-01,5.218426501331695222e-02,0.000000000000000000e+00,0.000000000000000000e+00,0.000000000000000000e+00,1.000000000000000000e+00
9.934161230352398508e-01,-1.143084673326661971e-01,7.614511782624165150e-03,2.024399651570055525e+01,1.142108455787700649e-01,9.933814318969773627e-01,1.221529837896981503e-02,1.305414890178716592e+00,-8.960426653530865343e-03,-1.126521452799195827e-02,9.998963974811710953e-01,5.208043370411307577e-02,0.000000000000000000e+00,0.000000000000000000e+00,0.000000000000000000e+00,1.000000000000000000e+00
9.935064358731648948e-01,-1.131150536066142936e-01,1.224526545944982364e-02,2.118754943141969704e+01,1.130095865674806688e-01,9.935532330400828060e-01,8.989241316252073385e-03,1.397063214472594517e+00,-1.318314160004110253e-02,-7.547036714331986813e-03,9.998846168505569620e-01,5.346584919662514257e-02,0.000000000000000000e+00,0.000000000000000000e+00,0.000000000000000000e+00,1.000000000000000000e+00
9.936647446361807079e-01,-1.111704634145948972e-01,1.647735814068167909e-02,2.213097177578940489e+01,1.110383257299124571e-01,9.937777708435029389e-01,8.731116561569869303e-03,1.514713797252189131e+00,-1.734547451671329676e-02,-6.846184448147669098e-03,9.998261170184997715e-01,6.289654401286096097e-02,0.000000000000000000e+00,0.000000000000000000e+00,0.000000000000000000e+00,1.000000000000000000e+00
9.936798831845986557e-01,-1.102077256511363595e-01,2.132010696607697028e-02,2.306921178859455068e+01,1.100368633561410597e-01,9.938864737061624544e-01,9.031394502892951121e-03,1.613483345149445691e+00,-2.218509537917449925e-02,-6.628317337664220259e-03,9.997319075393598098e-01,6.178444698873093721e-02,0.000000000000000000e+00,0.000000000000000000e+00,0.000000000000000000e+00,1.000000000000000000e+00
9.937606184375912255e-01,-1.094222274690103414e-01,2.160114298493153936e-02,2.403174841102269710e+01,1.092850068566391109e-01,9.939826313855174567e-01,7.437457916643547273e-03,1.702398525806690932e+00,-2.228498415704329230e-02,-5.030371719627710347e-03,9.997390033611180948e-01,4.475790703695545908e-02,0.000000000000000000e+00,0.000000000000000000e+00,0.000000000000000000e+00,1.000000000000000000e+00
9.946788373527176708e-01,-1.007455650044133538e-01,2.154858822720108133e-02,2.491411237604982887e+01,1.006389746944962027e-01,9.949050520637892081e-01,5.977804813142957238e-03,1.788618043219920128e+00,-2.204103661547090337e-02,-3.777368116159043020e-03,9.997499308302199017e-01,1.769793159160614610e-02,0.000000000000000000e+00,0.000000000000000000e+00,0.000000000000000000e+00,1.000000000000000000e+00
9.954933365690007419e-01,-9.347739515275593769e-02,1.596851408780102649e-02,2.579938153190099825e+01,9.341624699647860242e-02,9.956168137788783401e-01,4.534855883261170763e-03,1.886781540192965956e+00,-1.632242763224004203e-02,-3.022700157894364376e-03,9.998622113271130596e-01,-2.246844762398379075e-02,0.000000000000000000e+00,0.000000000000000000e+00,0.000000000000000000e+00,1.000000000000000000e+00
9.952552263822989076e-01,-9.607228880720640463e-02,1.539966499838794564e-02,2.672818419288572400e+01,9.601990038664280636e-02,9.953709388204343700e-01,4.107661312763476874e-03,1.995577146224056353e+00,-1.572301143092764975e-02,-2.609497090603266328e-03,9.998729806512802742e-01,-2.251747601758173969e-02,0.000000000000000000e+00,0.000000000000000000e+00,0.000000000000000000e+00,1.000000000000000000e+00
9.953876607892260253e-01,-9.439656017132685983e-02,1.710830723282242075e-02,2.767647554848451819e+01,9.441236359671174860e-02,9.955331697147420389e-01,-1.166095836261050664e-04,2.061570036660195449e+00,-1.702087978436810090e-02,1.731307463660764368e-03,9.998536354016175354e-01,-2.595245196047670996e-02,0.000000000000000000e+00,0.000000000000000000e+00,0.000000000000000000e+00,1.000000000000000000e+00
9.954123314825877866e-01,-9.332564341241883499e-02,2.108588660823501257e-02,2.862830758899696093e+01,9.346462814158368326e-02,9.956062684498777626e-01,-5.702763335421682199e-03,2.124979805255052590e+00,-2.046102682547519189e-02,7.647385498479906257e-03,9.997614034739906730e-01,-3.940013955070625212e-02,0.000000000000000000e+00,0.000000000000000000e+00,0.000000000000000000e+00,1.000000000000000000e+00
9.955616678928776997e-01,-9.090071895015770786e-02,2.437262227775755311e-02,2.958234379611919707e+01,9.115642282422865839e-02,9.957903913647193628e-01,-9.591821703098173807e-03,2.191808680927127551e+00,-2.339811958769938416e-02,1.177097107455408673e-02,9.996569272704115550e-01,-5.208870362910024421e-02,0.000000000000000000e+00,0.000000000000000000e+00,0.000000000000000000e+00,1.000000000000000000e+00
9.956120289863094053e-01,-9.036163885445068489e-02,2.431999098067164772e-02,3.053966939313632878e+01,9.078019235466253112e-02,9.957310459714275863e-01,-1.669253619710518721e-02,2.249120579048243140e+00,-2.270780512979226132e-02,1.882706329141643764e-02,9.995648539609660599e-01,-5.827975991864143418e-02,0.000000000000000000e+00,0.000000000000000000e+00,0.000000000000000000e+00,1.000000000000000000e+00
9.955901050501221317e-01,-9.112834678051297266e-02,2.227031969541495501e-02,3.148366788104759806e+01,9.156436799432174367e-02,9.956099530951613152e-01,-1.941102294177459928e-02,2.312719886058642871e+00,-2.040365751736385180e-02,2.136459011767406768e-02,9.995635272702867447e-01,-7.534432315119174439e-02,0.000000000000000000e+00,0.000000000000000000e+00,0.000000000000000000e+00,1.000000000000000000e+00
9.956232795023055582e-01,-9.123088547050589581e-02,2.027833448141620060e-02,3.243446493148536547e+01,9.164973147029754907e-02,9.955743729953273613e-01,-2.078447873723595490e-02,2.388617466476853135e+00,-1.829240373748455828e-02,2.255201479299966810e-02,9.995783083852315398e-01,-8.730793828478831953e-02,0.000000000000000000e+00,0.000000000000000000e+00,0.000000000000000000e+00,1.000000000000000000e+00
9.958686986030923505e-01,-8.880120605733701766e-02,1.897052833593003071e-02,3.338647056923957734e+01,8.915764837750056460e-02,9.958391390202437909e-01,-1.885001143791402434e-02,2.474900467425210415e+00,-1.721769085493036686e-02,2.046350405423937036e-02,9.996423340992749429e-01,-9.726788189241410143e-02,0.000000000000000000e+00,0.000000000000000000e+00,0.000000000000000000e+00,1.000000000000000000e+00
9.960655601240679946e-01,-8.643213175460008613e-02,1.956748668278244369e-02,3.434520033204645273e+01,8.678143790449302508e-02,9.960689461452610916e-01,-1.776616335318518050e-02,2.547120334730456737e+00,-1.795499846711433659e-02,1.939435808215530035e-02,9.996506774391880068e-01,-9.293624654960735976e-02,0.000000000000000000e+00,0.000000000000000000e+00,0.000000000000000000e+00,1.000000000000000000e+00
9.960459863256003743e-01,-8.658723193883226255e-02,1.987572363038286882e-02,3.530996261263395297e+01,8.685728846923700119e-02,9.961339681571587112e-01,-1.315024422734445940e-02,2.648514121260296950e+00,-1.866024020296298130e-02,1.482459944274711929e-02,9.997159730077990192e-01,-1.016680571809179257e-01,0.000000000000000000e+00,0.000000000000000000e+00,0.000000000000000000e+00,1.000000000000000000e+00
9.960154817969646412e-01,-8.706455270166325866e-02,1.931123205854562777e-02,3.628006069077181905e+01,8.727589895607702764e-02,9.961300562690049709e-01,-1.038404829108126488e-02,2.746125761665513032e+00,-1.833241615740746622e-02,1.202807799950344515e-02,9.997595950314605018e-01,-1.075841559635059563e-01,0.000000000000000000e+00,0.000000000000000000e+00,0.000000000000000000e+00,1.000000000000000000e+00
9.959726227447421865e-01,-8.752022495500799693e-02,1.946137114348188424e-02,3.725470324855039195e+01,8.766233841714714259e-02,9.961285701912148127e-01,-6.571611068620527435e-03,2.842194490415554498e+00,-1.881087893207475381e-02,8.251174014914160193e-03,9.997890122226684717e-01,-1.163441572434310012e-01,0.000000000000000000e+00,0.000000000000000000e+00,0.000000000000000000e+00,1.000000000000000000e+00
9.961061130632353766e-01,-8.508448790002502704e-02,2.309202106453895481e-02,3.826490858937330586e+01,8.529481810194400326e-02,9.963213531320623817e-01,-8.279812681903104404e-03,2.933362135465736653e+00,-2.230259005162775129e-02,1.021720176376848116e-02,9.996990563490135706e-01,-1.134818539043468688e-01,0.000000000000000000e+00,0.000000000000000000e+00,0.000000000000000000e+00,1.000000000000000000e+00
9.962585232401710567e-01,-8.398461936146299489e-02,2.038476347731438265e-02,3.926731182571636225e+01,8.412701185864537856e-02,9.964355657833880997e-01,-6.229696434850054247e-03,3.027344735945836085e+00,-1.978890464506001881e-02,7.921297409210202936e-03,9.997728003403094643e-01,-1.366060831898543160e-01,0.000000000000000000e+00,0.000000000000000000e+00,0.000000000000000000e+00,1.000000000000000000e+00
9.960874004408660776e-01,-8.660517374267492907e-02,1.759075222839017599e-02,4.026617679416705187e+01,8.675823360229344139e-02,9.961962101777964707e-01,-8.131403913242038137e-03,3.122874390486950702e+00,-1.681961905542079042e-02,9.625731576946849888e-03,9.998122052197800924e-01,-1.341755864793313935e-01,0.000000000000000000e+00,0.000000000000000000e+00,0.000000000000000000e+00,1.000000000000000000e+00
9.966962677582138497e-01,-7.946267437807430500e-02,1.679979813967407559e-02,4.127017420206821896e+01,7.956116565426477050e-02,9.968160189816177574e-01,-5.276857148900751353e-03,3.225638354894651005e+00,-1.632699471992203957e-02,6.596035348551567042e-03,9.998449487601051011e-01,-1.149010893453432935e-01,0.000000000000000000e+00,0.000000000000000000e+00,0.000000000000000000e+00,1.000000000000000000e+00
9.969712300801475413e-01,-7.613209469849181732e-02,1.588302708234898969e-02,4.226547164715315574e+01,7.624252745062320979e-02,9.970683341984575287e-01,-6.466370438690933337e-03,3.276975744340393959e+00,-1.534416502843279420e-02,7.657747418740740337e-03,9.998529469397249292e-01,-1.066245360977356865e-01,0.000000000000000000e+00,0.000000000000000000e+00,0.000000000000000000e+00,1.000000000000000000e+00
9.972544046081011082e-01,-7.229537930609276908e-02,1.603217454782374790e-02,4.324863052381198258e+01,7.238366433002922651e-02,9.973643500658250227e-01,-4.995833857282601549e-03,3.366081749745012619e+00,-1.562874364436967270e-02,6.142584859815595003e-03,9.998589955705454724e-01,-8.921672180049003420e-02,0.000000000000000000e+00,0.000000000000000000e+00,0.000000000000000000e+00,1.000000000000000000e+00
9.975920970987045555e-01,-6.767219551040583314e-02,1.518162576974804202e-02,4.423718768146369484e+01,6.777940947821917139e-02,9.976780906318445385e-01,-6.661765830298572999e-03,3.450179203913470438e+00,-1.469555909093698057e-02,7.674726574620987715e-03,9.998625601126441831e-01,-8.647432595942391997e-02,0.000000000000000000e+00,0.000000000000000000e+00,0.000000000000000000e+00,1.000000000000000000e+00
9.976118798610390526e-01,-6.667300843604818950e-02,1.803460856832951945e-02,4.523493613891164244e+01,6.684904189704596322e-02,9.977193832242864380e-01,-9.340125052394909061e-03,3.515253902129396923e+00,-1.737074430107313217e-02,1.052341601543805259e-02,9.997937362065208999e-01,-8.409837547899759458e-02,0.000000000000000000e+00,0.000000000000000000e+00,0.000000000000000000e+00,1.000000000000000000e+00
9.969846479563085895e-01,-7.534464610262057993e-02,1.856868447435109509e-02,4.621122374063141791e+01,7.532934543779178094e-02,9.971575452118869309e-01,1.523070226706963598e-03,3.593083493307334120e+00,-1.863065901547873021e-02,-1.197107866923469849e-04,9.998264270432032363e-01,-7.443594803979369789e-02,0.000000000000000000e+00,0.000000000000000000e+00,0.000000000000000000e+00,1.000000000000000000e+00
9.971227276172263121e-01,-7.424931941198352481e-02,1.527431294825399785e-02,4.715445554190317523e+01,7.416172675885121524e-02,9.972268043683666372e-01,6.224060844629298803e-03,3.597161051403668708e+00,-1.569408657200224363e-02,-5.073383102954557092e-03,9.998639689630598459e-01,-7.787578703864284080e-02,0.000000000000000000e+00,0.000000000000000000e+00,0.000000000000000000e+00,1.000000000000000000e+00
9.971086353407035974e-01,-7.497041951738285526e-02,1.240183560557818997e-02,4.809742967304612193e+01,7.492369004140235489e-02,9.971804621314622752e-01,4.191254449304316135e-03,3.662966329486208927e+00,-1.268108826481736603e-02,-3.249944717454493655e-03,9.999143102585115184e-01,-8.512754771846441082e-02,0.000000000000000000e+00,0.000000000000000000e+00,0.000000000000000000e+00,1.000000000000000000e+00
9.973608847260605481e-01,-7.097343983347555174e-02,1.529825011737717677e-02,4.906166845297678947e+01,7.097529058094037557e-02,9.974779844850569788e-01,4.226045149987797678e-04,3.743078229784566613e+00,-1.528966138934833262e-02,6.643085344925385091e-04,9.998828856164966306e-01,-8.679549915529032045e-02,0.000000000000000000e+00,0.000000000000000000e+00,0.000000000000000000e+00,1.000000000000000000e+00
9.976348670193740942e-01,-6.619915240328939909e-02,1.850254923847750171e-02,5.003743993939789902e+01,6.622457185567741378e-02,9.978044510970668357e-01,-7.638412207888851339e-04,3.814645141384661819e+00,-1.841136034540861652e-02,1.987358036282587011e-03,9.998285214066807702e-01,-7.919893639687816678e-02,0.000000000000000000e+00,0.000000000000000000e+00,0.000000000000000000e+00,1.000000000000000000e+00
9.977580322798661472e-01,-6.424770878416120878e-02,1.873875494781898632e-02,5.097868230849197602e+01,6.428022012777778738e-02,9.979312401220509221e-01,-1.137228555942459063e-03,3.847965940644243243e+00,-1.862692463433701651e-02,2.339210219196076641e-03,9.998237673581376050e-01,-8.180061280522835099e-02,0.000000000000000000e+00,0.000000000000000000e+00,0.000000000000000000e+00,1.000000000000000000e+00
9.979837928302980332e-01,-6.090688219467525755e-02,1.785219732626647932e-02,5.192612814488905570e+01,6.097063598576783761e-02,9.981349049688298392e-01,-3.048447203847698406e-03,3.879651289193187580e+00,-1.763322986701637216e-02,4.130760727464922316e-03,9.998359895604234104e-01,-8.742375059550921979e-02,0.000000000000000000e+00,0.000000000000000000e+00,0.000000000000000000e+00,1.000000000000000000e+00
9.980783011307690078e-01,-5.994352419040624436e-02,1.569964074593054731e-02,5.287669531698319503e+01,6.004318474178919895e-02,9.981780170264279439e-01,-5.955022355169847445e-03,3.931093756762346292e+00,-1.531407124119873661e-02,6.886235025131493340e-03,9.998590195568572980e-01,-8.000567910920547421e-02,0.000000000000000000e+00,0.000000000000000000e+00,0.000000000000000000e+00,1.000000000000000000e+00
9.982647193548814801e-01,-5.656439602791701882e-02,1.637129174246045385e-02,5.383108468437870187e+01,5.666187069944111920e-02,9.983779866185743535e-01,-5.552318820182794608e-03,3.998819749229493237e+00,-1.603067372756488904e-02,6.470312004692900347e-03,9.998505651158100527e-01,-8.160910950706132261e-02,0.000000000000000000e+00,0.000000000000000000e+00,0.000000000000000000e+00,1.000000000000000000e+00
9.983181836738258541e-01,-5.462884509463571819e-02,1.940343860814514737e-02,5.479417580883281147e+01,5.482989897909111565e-02,9.984457822266388227e-01,-9.985095481607584797e-03,4.069555522203885722e+00,-1.882780720467617380e-02,1.103219096373996531e-02,9.997618738671750771e-01,-9.348528282985392457e-02,0.000000000000000000e+00,0.000000000000000000e+00,0.000000000000000000e+00,1.000000000000000000e+00
9.981308899374086163e-01,-5.662155295081421069e-02,2.299404910397765539e-02,5.576655507724036909e+01,5.687542105804790915e-02,9.983256414903703968e-01,-1.054039953273613016e-02,4.135602817494535621e+00,-2.235873503192402703e-02,1.182849459052408292e-02,9.996800356531564402e-01,-8.618563229765267841e-02,0.000000000000000000e+00,0.000000000000000000e+00,0.000000000000000000e+00,1.000000000000000000e+00
9.980415812832391653e-01,-5.750990260458739567e-02,2.460920827786604662e-02,5.672518236364087585e+01,5.772682733743931399e-02,9.982987683947526225e-01,-8.196488703853525848e-03,4.229346930468206978e+00,-2.409596304790543805e-02,9.601048064131827500e-03,9.996635456196579783e-01,-8.133465002940107325e-02,0.000000000000000000e+00,0.000000000000000000e+00,0.000000000000000000e+00,1.000000000000000000e+00
9.977341173935829755e-01,-6.375278305083514896e-02,2.149915445134154002e-02,5.765617064767626943e+01,6.392365536761268618e-02,9.979276815114825894e-01,-7.355865520650503239e-03,4.317064873277889347e+00,-2.098564445739541789e-02,8.713502532754976992e-03,9.997418054679523269e-01,-7.221982629936254949e-02,0.000000000000000000e+00,0.000000000000000000e+00,0.000000000000000000e+00,1.000000000000000000e+00
9.975309845779546380e-01,-6.886844064557497147e-02,1.375037053991044408e-02,5.853849398853698460e+01,6.897739531374506849e-02,9.975891764858276778e-01,-7.612745500675185094e-03,4.380409561139744667e+00,-1.319294291162114927e-02,8.542414259072069263e-03,9.998764790792703527e-01,-8.252059720957224953e-02,0.000000000000000000e+00,0.000000000000000000e+00,0.000000000000000000e+00,1.000000000000000000e+00
9.974632955021981440e-01,-7.062119625508177234e-02,8.923046867334890123e-03,5.940912903205923357e+01,7.070003434640584339e-02,9.974583425414174087e-01,-8.852120533785812206e-03,4.458841026064692237e+00,-8.275220197221138524e-03,9.460525039808024075e-03,9.999210064783419227e-01,-6.581711151244545865e-02,0.000000000000000000e+00,0.000000000000000000e+00,0.000000000000000000e+00,1.000000000000000000e+00
9.973331180009131769e-01,-7.232754032546064027e-02,9.766199314280689728e-03,6.028940700258383600e+01,7.236464747108488360e-02,9.973720984090831410e-01,-3.500730130655749749e-03,4.541004463446145500e+00,-9.487335503871936748e-03,4.198121666997094679e-03,9.999461816715478069e-01,-6.615520702314356405e-02,0.000000000000000000e+00,0.000000000000000000e+00,0.000000000000000000e+00,1.000000000000000000e+00
9.972179877029622164e-01,-7.387052024465257105e-02,9.971521470673724505e-03,6.119579059785012731e+01,7.386426907503031158e-02,9.972678081885103518e-01,9.942358352404002779e-04,4.613964420516820653e+00,-1.001772207975855714e-02,-2.549307139231701477e-04,9.999497888667540080e-01,-6.229822704132569056e-02,0.000000000000000000e+00,0.000000000000000000e+00,0.000000000000000000e+00,1.000000000000000000e+00
9.970551820304379698e-01,-7.609689833406804715e-02,9.498739399804556616e-03,6.210053289508867636e+01,7.605777688569766160e-02,9.970936396552656511e-01,4.414559346056573345e-03,4.688246965780766828e+00,-9.807066914034594241e-03,-3.679106270400734485e-03,9.999451413030601143e-01,-4.710172614242393030e-02,0.000000000000000000e+00,0.000000000000000000e+00,0.000000000000000000e+00,1.000000000000000000e+00
9.970653474046102804e-01,-7.617241228426747945e-02,7.645692363662298131e-03,6.298300958172931985e+01,7.613263870734345018e-02,9.970832636614056499e-01,5.365319168170979217e-03,4.762530665648074368e+00,-8.032081198626108559e-03,-4.767487085958673279e-03,9.999563774177880893e-01,-3.915084438371695119e-02,0.000000000000000000e+00,0.000000000000000000e+00,0.000000000000000000e+00,1.000000000000000000e+00
9.971106504020867956e-01,-7.536870191079726722e-02,9.482068709392525371e-03,6.383169170820674765e+01,7.530377076897920574e-02,9.971358698459197312e-01,7.028454637586585910e-03,4.824220442838750067e+00,-9.984636332952732951e-03,-6.294111446497503704e-03,9.999303431731633163e-01,-2.545040422634347807e-02,0.000000000000000000e+00,0.000000000000000000e+00,0.000000000000000000e+00,1.000000000000000000e+00
9.972542306455306482e-01,-7.294389982437822495e-02,1.277446429416479595e-02,6.466664723220762312e+01,7.284123753329452278e-02,9.973087944240597302e-01,8.326024203999369058e-03,4.887043413328953534e+00,-1.334741826009859349e-02,-7.372655073883417273e-03,9.998837384331010769e-01,-2.520441440947595452e-02,0.000000000000000000e+00,0.000000000000000000e+00,0.000000000000000000e+00,1.000000000000000000e+00
9.969812365447487945e-01,-7.628486932970504619e-02,1.445796282516989724e-02,6.550046578459827629e+01,7.613082018803224438e-02,9.970380132750338298e-01,1.092237620985664522e-02,4.944534192558479369e+00,-1.524835057315051395e-02,-9.788707571581435618e-03,9.998358210270718027e-01,-9.526622583665836363e-03,0.000000000000000000e+00,0.000000000000000000e+00,0.000000000000000000e+00,1.000000000000000000e+00
9.971497272218255992e-01,-7.406426163466774126e-02,1.438425006560471557e-02,6.631943271416281505e+01,7.390006786625087642e-02,9.971978354371422437e-01,1.163000295959937432e-02,5.004020750554920127e+00,-1.520531061181935352e-02,-1.053385722270008297e-02,9.998289035536089830e-01,-1.982788934134716713e-03,0.000000000000000000e+00,0.000000000000000000e+00,0.000000000000000000e+00,1.000000000000000000e+00
9.972882688081220470e-01,-7.109490216704920929e-02,1.901640827169370773e-02,6.712803395633274306e+01,7.084106908814075121e-02,9.973934585242546502e-01,1.370517506171233836e-02,5.043629238793784886e+00,-1.994120929500860923e-02,-1.232086761882383863e-02,9.997252344484328646e-01,3.398334673567400890e-03,0.000000000000000000e+00,0.000000000000000000e+00,0.000000000000000000e+00,1.000000000000000000e+00
9.971562994311504724e-01,-7.182121557771975473e-02,2.282602676140581613e-02,6.793355477127065001e+01,7.147458365969003302e-02,9.973195401784229475e-01,1.565626612480233368e-02,5.100528012121098520e+00,-2.388929457827727171e-02,-1.398026363254059254e-02,9.996168535160453450e-01,1.660677678000554297e-03,0.000000000000000000e+00,0.000000000000000000e+00,0.000000000000000000e+00,1.000000000000000000e+00
9.972459872486841848e-01,-6.991540028563442144e-02,2.474424618564526057e-02,6.874156120270673398e+01,6.948897220411850983e-02,9.974257893192645108e-01,1.769399736787908087e-02,5.159800975656356314e+00,-2.591763219145572922e-02,-1.592581563809984321e-02,9.995372152840792390e-01,1.463484182223213220e-03,0.000000000000000000e+00,0.000000000000000000e+00,0.000000000000000000e+00,1.000000000000000000e+00
9.973734501925838325e-01,-6.801575107996532532e-02,2.490097299241750967e-02,6.951257020230549699e+01,6.753771248868993549e-02,9.975249498471623344e-01,1.956097707702618080e-02,5.219399103006384877e+00,-2.616979638315882969e-02,-1.782784444180093505e-02,9.994985291233924318e-01,9.050192691108405185e-03,0.000000000000000000e+00,0.000000000000000000e+00,0.000000000000000000e+00,1.000000000000000000e+00
9.973536820621554666e-01,-7.023448545820466793e-02,1.878163809366054787e-02,7.025963085294057464e+01,6.989499950907082648e-02,9.973890462753242092e-01,1.815982966938350582e-02,5.279886921880330597e+00,-2.000804639856226808e-02,-1.679903040104504044e-02,9.996586770777812214e-01,5.197213598752106062e-03,0.000000000000000000e+00,0.000000000000000000e+00,0.000000000000000000e+00,1.000000000000000000e+00
9.972145093677718952e-01,-7.313489430107834866e-02,1.464614426948797690e-02,7.097898069629862050e+01,7.286782358529836356e-02,9.971790360192095415e-01,1.800695448256265166e-02,5.325257644556348424e+00,-1.592176473681290380e-02,-1.688956362270241374e-02,9.997305837315881849e-01,4.636649681330743192e-03,0.000000000000000000e+00,0.000000000000000000e+00,0.000000000000000000e+00,1.000000000000000000e+00
9.971076308588421311e-01,-7.503224716556571028e-02,1.210513809710937055e-02,7.164220856410474880e+01,7.483374800740687227e-02,9.970661526020752063e-01,1.609339909573321431e-02,5.373899719574485090e+00,-1.327714736788684555e-02,-1.514097819085822964e-02,9.997972135074176814e-01,-4.732399906271856152e-04,0.000000000000000000e+00,0.000000000000000000e+00,0.000000000000000000e+00,1.000000000000000000e+00
9.970871997742251081e-01,-7.413830564977273718e-02,1.790607946407760109e-02,7.232138105938366834e+01,7.389256729905868681e-02,9.971676945078338239e-01,1.401704419204860726e-02,5.444935678988432670e+00,-1.889456388348487170e-02,-1.265308916069945132e-02,9.997414139618032713e-01,1.221341273210262493e-02,0.000000000000000000e+00,0.000000000000000000e+00,0.000000000000000000e+00,1.000000000000000000e+00
9.966771367762248257e-01,-7.837722994605025861e-02,2.217419341328079330e-02,7.298582335303265722e+01,7.809801542663735718e-02,9.968584168520566724e-01,1.319078229777063266e-02,5.509081684067259843e+00,-2.313838831825515419e-02,-1.141519063311664632e-02,9.996670987928154561e-01,2.348515570339996389e-02,0.000000000000000000e+00,0.000000000000000000e+00,0.000000000000000000e+00,1.000000000000000000e+00
9.964028729583587207e-01,-8.225612742424155688e-02,2.037754306818005332e-02,7.362267757561031090e+01,8.200486618358068802e-02,9.965487645123484173e-01,1.287485421746770511e-02,5.562149069966688231e+00,-2.136625101747264763e-02,-1.115748403874832623e-02,9.997094547254142816e-01,3.250741859974527748e-02,0.000000000000000000e+00,0.000000000000000000e+00,0.000000000000000000e+00,1.000000000000000000e+00
9.967436229843723572e-01,-7.901288563036702739e-02,1.609701662884998469e-02,7.424928634959437090e+01,7.885321869250770666e-02,9.968327733193452778e-01,1.032433718408915652e-02,5.626550588821062071e+00,-1.686178940144000132e-02,-9.021415677249386422e-03,9.998171303380241071e-01,4.509095156278219302e-02,0.000000000000000000e+00,0.000000000000000000e+00,0.000000000000000000e+00,1.000000000000000000e+00
9.971568066737273028e-01,-7.440297229193640338e-02,1.193736228733857305e-02,7.485671922105103704e+01,7.430899274515639918e-02,9.972021026122405152e-01,8.132659031486997453e-03,5.666093174760147733e+00,-1.250905677715764483e-02,-7.222482941997359143e-03,9.998956741774115420e-01,5.663542992852434871e-02,0.000000000000000000e+00,0.000000000000000000e+00,0.000000000000000000e+00,1.000000000000000000e+00
9.975882753234874833e-01,-6.896397487254743441e-02,7.848764672705222517e-03,7.546375418962806236e+01,6.888546287717145500e-02,9.975757594004335260e-01,9.869005058342953871e-03,5.690728229704151708e+00,-8.510343195589860354e-03,-9.304537947817482363e-03,9.999204966557456720e-01,4.376878441566070532e-02,0.000000000000000000e+00,0.000000000000000000e+00,0.000000000000000000e+00,1.000000000000000000e+00
9.979943092359802037e-01,-6.249266626714497508e-02,1.010076212082969792e-02,7.602308648877253461e+01,6.235473310818587245e-02,9.979635775869563075e-01,1.343819440419461754e-02,5.732378587894300104e+00,-1.091998130059242990e-02,-1.278141121555873005e-02,9.998586847828726532e-01,3.179086027810770071e-02,0.000000000000000000e+00,0.000000000000000000e+00,0.000000000000000000e+00,1.000000000000000000e+00
9.981973966591903835e-01,-5.825461055575694574e-02,1.443459912196642936e-02,7.658490973037943661e+01,5.809669113598896206e-02,9.982489312486200195e-01,1.112860009307206632e-02,5.766556887083002181e+00,-1.505761541095802097e-02,-1.026993719450435341e-02,9.998338845069009162e-01,3.675107654353688968e-02,0.000000000000000000e+00,0.000000000000000000e+00,0.000000000000000000e+00,1.000000000000000000e+00
9.984330607994138518e-01,-5.252152992740532350e-02,1.931092946487264830e-02,7.713021121208780073e+01,5.240634554293752134e-02,9.986051839373608630e-01,6.423516191051143430e-03,5.779021708101924837e+00,-1.962136716813813950e-02,-5.401435689433597455e-03,9.997928917745655397e-01,3.730048468132887013e-02,0.000000000000000000e+00,0.000000000000000000e+00,0.000000000000000000e+00,1.000000000000000000e+00
9.987894335359015496e-01,-4.428472724570382824e-02,2.141332271751892474e-02,7.769169077446620975e+01,4.421655021364008509e-02,9.990153127050992454e-01,3.647145175192790037e-03,5.790419210781965198e+00,-2.155375012000641452e-02,-2.695906804373157141e-03,9.997640561363807521e-01,4.110380273523215472e-02,0.000000000000000000e+00,0.000000000000000000e+00,0.000000000000000000e+00,1.000000000000000000e+00
9.991119335760416664e-01,-3.535305099665730227e-02,2.292391701193194353e-02,7.820710460462443336e+01,3.521125513001915203e-02,9.993583608189871015e-01,6.560043700168228728e-03,5.818887714025901658e+00,-2.314112568806731343e-02,-5.747038055130986034e-03,9.997156895115149045e-01,4.633244876910398019e-02,0.000000000000000000e+00,0.000000000000000000e+00,0.000000000000000000e+00,1.000000000000000000e+00
9.994733390888038693e-01,-2.197717729509824844e-02,2.387568069848002711e-02,7.872261209858073983e+01,2.185640600757190674e-02,9.997470314296119653e-01,5.307604365679691009e-03,5.829528605053622137e+00,-2.398628706382366360e-02,-4.782972486874155493e-03,9.997008458569409672e-01,4.916731046499314695e-02,0.000000000000000000e+00,0.000000000000000000e+00,0.000000000000000000e+00,1.000000000000000000e+00
9.997090235054256757e-01,-4.400877990877482583e-03,2.371709498941061700e-02,7.920353710136528491e+01,4.138815168106759965e-03,9.999299683673827932e-01,1.108731571667413707e-02,5.842669502327615838e+00,-2.376422796624319891e-02,-1.098592889592618464e-02,9.996572266709542465e-01,4.303631168885278802e-02,0.000000000000000000e+00,0.000000000000000000e+00,0.000000000000000000e+00,1.000000000000000000e+00
9.994895139920134675e-01,2.052065555063680921e-02,2.448701933230627154e-02,7.968685493801507391e+01,-2.080959234164110258e-02,9.997161175850887149e-01,1.160366783232623031e-02,5.835200946438943603e+00,-2.424195302741331826e-02,-1.210730921222271349e-02,9.996328029717002073e-01,4.573477453416978367e-02,0.000000000000000000e+00,0.000000000000000000e+00,0.000000000000000000e+00,1.000000000000000000e+00
9.987472175124444407e-01,4.364011533777186619e-02,2.448542105939343835e-02,8.016870364909546254e+01,-4.390403076406095700e-02,9.989821781223590103e-01,1.034620106937971309e-02,5.829080761849448677e+00,-2.400898985418068593e-02,-1.140824820932889380e-02,9.996466477105685478e-01,4.521810043997769729e-02,0.000000000000000000e+00,0.000000000000000000e+00,0.000000000000000000e+00,1.000000000000000000e+00
9.973844817106822802e-01,6.792637026999977234e-02,2.470230484503860985e-02,8.059143414279009221e+01,-6.814635178455645537e-02,9.976418472740201659e-01,8.174307685023859266e-03,5.793006499982074509e+00,-2.408880198701673220e-02,-9.836299589629586212e-03,9.996614311001575937e-01,5.100359741249108764e-02,0.000000000000000000e+00,0.000000000000000000e+00,0.000000000000000000e+00,1.000000000000000000e+00
9.947984561291276506e-01,9.860024987042666222e-02,2.557386182404124825e-02,8.106389863207948565e+01,-9.889533804594947963e-02,9.950420240691758567e-01,1.053956588715590330e-02,5.722720001714648674e+00,-2.440786340266032362e-02,-1.301387958304194535e-02,9.996173743699722225e-01,5.486063868250706105e-02,0.000000000000000000e+00,0.000000000000000000e+00,0.000000000000000000e+00,1.000000000000000000e+00
